time, x, y, z
0.00000, -0.55469, 5.03125, 1.77344 
0.00031, 0.42969, 0.18750, 0.54688 
0.00063, 0.42969, 0.18750, 0.54688 
0.00094, 0.10938, -5.21875, 0.64844 
0.00125, 0.27344, -7.67188, -0.04688 
0.00156, 0.38281, -7.39844, 0.67188 
0.00187, 0.41406, -3.73438, 0.08594 
0.00219, 0.00781, 2.17188, 0.92188 
0.00250, -0.13281, 6.00000, 1.33594 
0.00281, -0.67969, 8.51562, 1.57031 
0.00313, -0.02344, 6.46875, 1.31250 
0.00344, 0.10156, 1.79688, 0.78125 
0.00375, 0.25781, -3.42969, -0.11719 
0.00406, 0.32812, -7.03125, -0.26562 
0.00438, 0.50781, -7.66406, 0.60938 
0.00469, -0.25781, -3.96875, 0.99219 
0.00500, 0.25781, 0.63281, 0.25000 
0.00531, -0.10938, 5.52344, 1.00000 
0.00562, -0.32031, 7.82031, 1.01562 
0.00594, 0.00000, 7.10938, 2.01562 
0.00625, -0.25000, 2.92969, 1.73438 
0.00656, -0.20312, -2.11719, 0.65625 
0.00688, 1.15625, -6.44531, -1.04688 
0.00719, 0.10938, -8.08594, 0.17188 
0.00750, 0.37500, -5.00000, 1.09375 
0.00781, -0.23438, -1.28125, 1.74219 
0.00813, 0.03125, 4.64062, 1.27344 
0.00844, -0.16406, 7.08594, 0.82812 
0.00875, 0.19531, 7.61719, 1.25000 
0.00906, -0.21875, 4.00000, 2.30469 
0.00937, 0.09375, -0.89062, 1.53125 
0.00969, 0.20312, -6.05469, 0.10156 
0.01000, 0.45312, -8.03906, -0.18750 
0.01031, -0.22656, -6.71875, 1.07031 
0.01063, 0.42188, -2.71094, 0.93750 
0.01094, -0.03125, 3.54688, 2.03125 
0.01125, -0.25000, 6.52344, 1.50000 
0.01156, 0.21094, 8.32812, 1.28906 
0.01188, 0.21094, 8.32812, 1.28906 
0.01219, -0.07812, 5.36719, 1.92188 
0.01250, 0.05469, 0.56250, 1.66406 
0.01281, 0.21094, -4.84375, 0.55469 
0.01312, 0.94531, -7.60938, 0.07031 
0.01344, 0.40625, -7.47656, 0.89062 
0.01375, 0.49219, -3.50000, 1.28125 
0.01406, 0.77344, 1.53125, 0.92188 
0.01438, -1.20312, 6.04688, 1.85156 
0.01469, 0.95312, 8.02344, 0.46094 
0.01500, -0.70312, 6.50000, 2.71875 
0.01531, 0.07812, 2.08594, 1.25000 
0.01562, -0.21094, -2.98438, 0.99219 
0.01594, 1.57812, -6.59375, -0.88281 
0.01625, -0.28906, -7.74219, 0.75000 
0.01656, 1.03125, -4.13281, 0.79688 
0.01688, 0.55469, -0.37500, 0.97656 
0.01719, -0.75781, 5.15625, 1.28125 
0.01750, 0.72656, 7.50000, 0.29688 
0.01781, -0.58594, 7.13281, 2.25781 
0.01812, -0.11719, 3.18750, 1.61719 
0.01844, -0.25781, -1.89062, 1.00000 
0.01875, 1.00781, -6.45312, -0.88281 
0.01906, -0.24219, -8.08594, 0.00000 
0.01937, -0.48438, -5.88281, 0.08594 
0.01969, -0.07812, -1.87500, 0.99219 
0.02000, -1.15625, 4.35938, 1.99219 
0.02031, 0.47656, 7.03125, 0.26562 
0.02063, 0.64062, 7.96094, 0.87500 
0.02094, -0.34375, 4.22656, 2.03125 
0.02125, 0.24219, -0.71875, 1.31250 
0.02156, 0.61719, -5.89062, 0.06250 
0.02188, 0.75000, -7.94531, -0.28906 
0.02219, 1.16406, -7.02344, 0.06250 
0.02250, -1.21875, -2.83594, 1.56250 
0.02281, 0.63281, 2.92188, 0.84375 
0.02312, -1.01562, 6.55469, 1.79688 
0.02344, 0.12500, 8.39844, 0.70312 
0.02375, -0.42188, 6.00000, 2.28906 
0.02406, 0.00000, 1.18750, 1.23438 
0.02438, 0.25000, -4.01562, 0.70312 
0.02469, 0.25000, -4.01562, 0.70312 
0.02500, 0.56250, -7.10156, -0.50000 
0.02531, 0.92969, -7.66406, 0.64844 
0.02563, 0.25781, -3.82812, 1.12500 
0.02594, -0.57812, 1.19531, 1.80469 
0.02625, 0.17969, 5.59375, 2.00000 
0.02656, 0.29688, 7.96094, 0.79688 
0.02687, -0.61719, 6.96875, 1.99219 
0.02719, 1.03906, 2.67969, 1.02344 
0.02750, -0.59375, -2.40625, 1.70312 
0.02781, 0.83594, -6.60156, -0.17969 
0.02813, 0.58594, -7.88281, 0.64844 
0.02844, 1.00000, -4.77344, 0.50000 
0.02875, -1.86719, -0.49219, 1.86719 
0.02906, 1.00000, 4.89844, 0.62500 
0.02938, -1.11719, 7.40625, 1.62500 
0.02969, 0.33594, 7.53125, 1.36719 
0.03000, -0.01562, 3.43750, 2.10156 
0.03031, -0.14844, -1.49219, 0.88281 
0.03062, 0.23438, -6.53125, 0.14062 
0.03094, 0.55469, -7.98438, -0.37500 
0.03125, 0.24219, -5.86719, 0.53906 
0.03156, 0.39844, -1.94531, 0.74219 
0.03188, 0.06250, 4.16406, 1.75000 
0.03219, -0.97656, 6.61719, 1.30469 
0.03250, 0.66406, 8.10938, 1.13281 
0.03281, -0.55469, 4.83594, 1.74219 
0.03313, 0.21875, -0.06250, 0.63281 
0.03344, 1.05469, -5.20312, -0.27344 
0.03375, -0.12500, -7.72656, 0.28125 
0.03406, 0.68750, -7.02344, 0.42188 
0.03438, -0.12500, -3.38281, 0.89844 
0.03469, -0.12500, 2.47656, 0.87500 
0.03500, -0.62500, 6.17188, 1.17188 
0.03531, 0.80469, 8.22656, 0.59375 
0.03563, -0.85938, 6.36719, 2.21875 
0.03594, -0.85938, 6.36719, 2.21875 
0.03625, 0.64844, 1.53125, 0.89844 
0.03656, 0.16406, -3.67188, 0.75000 
0.03687, 0.38281, -7.10156, -0.47656 
0.03719, 0.44531, -7.68750, 0.53906 
0.03750, 0.17188, -4.02344, 0.64844 
0.03781, -0.15625, 0.84375, 1.03906 
0.03812, 0.07031, 5.54688, 1.04688 
0.03844, -0.16406, 8.05469, 1.25781 
0.03875, -0.27344, 6.94531, 2.14844 
0.03906, 0.00781, 2.64844, 1.75000 
0.03938, -0.30469, -2.40625, 0.73438 
0.03969, 0.85938, -6.67969, -0.39844 
0.04000, -0.28125, -7.87500, 0.46875 
0.04031, 0.55469, -4.91406, 0.57031 
0.04063, 0.06250, -0.85156, 1.46094 
0.04094, -0.11719, 4.60938, 1.78125 
0.04125, -0.07031, 7.15625, 1.40625 
0.04156, 0.09375, 7.60156, 1.66406 
0.04188, -0.07812, 3.70312, 2.10938 
0.04219, -0.10156, -1.09375, 0.92188 
0.04250, 1.06250, -6.26562, -0.01562 
0.04281, -0.16406, -8.00000, 0.30469 
0.04313, 0.41406, -6.41406, 1.10156 
0.04344, 0.55469, -2.65625, 0.85156 
0.04375, -0.49219, 3.73438, 1.82031 
0.04406, 0.21094, 6.57031, 1.02344 
0.04437, -0.11719, 8.35156, 1.67969 
0.04469, -0.28125, 5.21094, 1.97656 
0.04500, 0.04688, 0.23438, 1.33594 
0.04531, 0.42969, -5.12500, 0.01562 
0.04562, 0.10156, -7.80469, -0.18750 
0.04594, -0.45312, -7.71094, 0.29688 
0.04625, 0.00000, -3.75000, 0.77344 
0.04656, -0.97656, 2.18750, 1.89062 
0.04688, 0.14062, 6.19531, 0.70312 
0.04719, 0.59375, 8.25000, 0.57812 
0.04750, -0.42969, 6.18750, 2.17188 
0.04781, 0.29688, 1.60938, 1.57031 
0.04813, 0.29688, 1.60938, 1.57031 
0.04844, 0.02344, -3.46875, 0.55469 
0.04875, 0.55469, -6.96875, -0.55469 
0.04906, -1.30469, -7.75781, -0.08594 
0.04938, 1.77344, -4.00000, 0.54688 
0.04969, -0.59375, 0.07812, 1.78125 
0.05000, -0.06250, 5.46094, 1.28125 
0.05031, 0.67969, 7.50000, 0.33594 
0.05063, -0.16406, 7.02344, 1.96875 
0.05094, -0.04688, 2.89844, 1.50000 
0.05125, -0.03125, -2.21094, 0.90625 
0.05156, 0.80469, -6.50781, -0.60938 
0.05188, 0.01562, -8.35156, 0.00000 
0.05219, -1.14062, -5.00000, 0.61719 
0.05250, 1.43750, -1.37500, 1.24219 
0.05281, 0.07031, 4.60156, 1.72656 
0.05312, -0.25781, 7.36719, 1.02344 
0.05344, 1.29688, 7.66406, 0.87500 
0.05375, -0.41406, 4.09375, 2.45312 
0.05406, 0.03906, -1.16406, 1.34375 
0.05437, 0.62500, -6.25000, 0.06250 
0.05469, 0.14062, -8.17969, -0.11719 
0.05500, 0.06250, -6.85938, 0.34375 
0.05531, 0.36719, -2.62500, 0.79688 
0.05563, -1.87500, 3.46875, 2.42969 
0.05594, 0.52344, 6.67188, 0.56250 
0.05625, -0.15625, 8.30469, 1.30469 
0.05656, -0.16406, 5.34375, 1.96875 
0.05688, 0.07812, 0.50000, 1.74219 
0.05719, 0.46094, -4.92969, 0.67969 
0.05750, 0.08594, -7.46875, 0.10938 
0.05781, 1.03906, -7.62500, -0.15625 
0.05813, -0.64062, -3.77344, 0.98438 
0.05844, 0.35938, 1.70312, 1.50781 
0.05875, -1.18750, 5.92969, 2.14062 
0.05906, 0.46094, 8.42969, 0.53906 
0.05938, -0.03906, 6.45312, 1.81250 
0.05969, 0.17188, 2.07031, 1.34375 
0.06000, -0.06250, -3.12500, 1.17188 
0.06031, -0.06250, -3.12500, 1.17188 
0.06062, 0.66406, -6.91406, -0.05469 
0.06094, 0.17969, -7.80469, 0.37500 
0.06125, 0.44531, -4.55469, 0.13281 
0.06156, 0.41406, -0.01562, 0.89062 
0.06187, -1.42188, 5.24219, 2.15625 
0.06219, 0.53906, 7.72656, 0.70312 
0.06250, -0.49219, 7.24219, 1.87500 
0.06281, 0.27344, 2.91406, 1.21094 
0.06313, -0.17188, -2.10156, 1.01562 
0.06344, 0.75781, -6.75000, -0.28906 
0.06375, -0.07812, -8.19531, 0.50000 
0.06406, 0.44531, -5.27344, 0.24219 
0.06438, 0.23438, -1.50000, 0.74219 
0.06469, -0.02344, 4.69531, 1.02344 
0.06500, -0.17188, 7.17969, 1.37500 
0.06531, -0.32031, 7.79688, 1.50000 
0.06563, -0.05469, 4.14062, 1.54688 
0.06594, 0.34375, -0.77344, 0.43750 
0.06625, 0.45312, -6.00000, -0.28906 
0.06656, 0.42188, -7.96094, 0.11719 
0.06688, 0.22656, -6.89062, 1.17969 
0.06719, 0.07812, -2.85156, 0.80469 
0.06750, -0.03906, 3.25781, 1.03906 
0.06781, 0.04688, 6.39062, 0.92969 
0.06813, -0.12500, 8.30469, 1.25781 
0.06844, -0.10156, 5.62500, 2.14062 
0.06875, -0.07031, 0.83594, 1.38281 
0.06906, 0.43750, -4.71875, 0.14062 
0.06938, 0.49219, -7.54688, -0.57031 
0.06969, 0.42969, -7.81250, 0.58594 
0.07000, 0.12500, -3.76562, 1.25000 
0.07031, -0.25000, 1.60156, 1.85938 
0.07063, -0.40625, 5.89844, 1.36719 
0.07094, 0.12500, 8.14844, 0.74219 
0.07125, -0.18750, 6.53906, 2.08594 
0.07156, 0.07812, 2.14844, 1.76562 
0.07188, 0.07812, 2.14844, 1.76562 
0.07219, 0.10938, -3.05469, 1.03125 
0.07250, 0.31250, -6.82031, -0.24219 
0.07281, 1.00000, -7.94531, 0.38281 
0.07312, -0.10156, -4.40625, 1.07812 
0.07344, 0.03906, -0.05469, 1.26562 
0.07375, 0.00000, 5.18750, 1.52344 
0.07406, -0.06250, 7.67969, 1.12500 
0.07437, -0.14062, 7.21875, 1.89844 
0.07469, 0.31250, 3.15625, 1.65625 
0.07500, -0.33594, -1.96875, 1.32031 
0.07531, 0.88281, -6.64844, -0.21875 
0.07562, -0.08594, -8.20312, -0.09375 
0.07594, 0.07031, -5.53906, 0.27344 
0.07625, -1.51562, -1.57031, 1.78125 
0.07656, 0.63281, 4.48438, 0.52344 
0.07687, -0.32812, 6.99219, 1.08594 
0.07719, -0.15625, 8.01562, 1.47656 
0.07750, 0.14844, 4.25000, 2.14844 
0.07781, 0.19531, -0.60938, 0.93750 
0.07812, 0.29688, -5.98438, 0.17188 
0.07844, 0.18750, -8.00781, -0.90625 
0.07875, 0.57031, -7.11719, 0.18750 
0.07906, -1.83594, -2.96094, 1.57812 
0.07938, 0.88281, 3.28125, 0.54688 
0.07969, -0.66406, 6.49219, 1.14844 
0.08000, 0.23438, 8.66406, 1.14062 
0.08031, -0.50000, 5.74219, 2.25781 
0.08063, 0.50000, 0.96094, 0.95312 
0.08094, -0.10938, -4.34375, 0.55469 
0.08125, 0.63281, -7.41406, -0.93750 
0.08156, 1.33594, -7.41406, 0.36719 
0.08188, 0.25000, -3.82031, 1.48438 
0.08219, 0.48438, 1.75000, 1.76562 
0.08250, 0.50000, 5.55469, 0.75000 
0.08281, -1.00781, 8.50781, 1.27344 
0.08313, 0.75000, 6.70312, 0.98438 
0.08344, 0.75000, 6.70312, 0.98438 
0.08375, -0.25781, -2.60156, 0.81250 
0.08406, -0.25781, -2.60156, 0.81250 
0.08438, 0.63281, -6.72656, -0.20312 
0.08469, -0.67188, -7.70312, -0.18750 
0.08500, 0.81250, -4.56250, 0.91406 
0.08531, 0.35156, -0.47656, 1.34375 
0.08563, -0.55469, 5.28125, 1.89062 
0.08594, 1.12500, 7.49219, 0.62500 
0.08625, -0.57812, 7.39062, 2.28906 
0.08656, 0.39844, 3.07031, 1.59375 
0.08688, -0.56250, -1.92188, 1.25000 
0.08719, 0.85156, -6.83594, -0.47656 
0.08750, -0.01562, -8.29688, 0.01562 
0.08781, 0.67969, -5.64062, 0.82812 
0.08812, -0.31250, -1.85156, 1.25000 
0.08844, 0.17188, 4.25000, 1.55469 
0.08875, -1.65625, 6.68750, 1.82031 
0.08906, 0.80469, 7.81250, 0.53125 
0.08937, -0.27344, 4.28906, 1.97656 
0.08969, 0.29688, -0.55469, 1.27344 
0.09000, 0.34375, -5.83594, 0.64062 
0.09031, 0.59375, -8.07031, 0.00000 
0.09062, -0.98438, -7.17969, 0.92188 
0.09094, 1.09375, -3.06250, 0.44531 
0.09125, 0.19531, 2.80469, 1.52344 
0.09156, -0.52344, 6.50000, 1.35938 
0.09187, 1.09375, 8.33594, 0.89844 
0.09219, -0.64062, 5.85156, 2.50000 
0.09250, 0.28906, 1.07812, 1.20312 
0.09281, 0.00000, -4.28125, 0.44531 
0.09312, 0.34375, -7.45312, -0.44531 
0.09344, 0.48438, -7.85156, 0.10156 
0.09375, 0.38281, -3.93750, 0.65625 
0.09406, -0.14062, 1.22656, 1.37500 
0.09438, 0.06250, 5.73438, 1.33594 
0.09469, -0.14844, 8.23438, 0.99219 
0.09500, -0.75000, 6.71875, 2.17969 
0.09531, 0.65625, 2.48438, 0.53906 
0.09563, 0.65625, 2.48438, 0.53906 
0.09594, -0.56250, -2.78125, 0.85156 
0.09625, 1.11719, -6.85156, -0.71094 
0.09656, 0.21875, -7.94531, 0.56250 
0.09688, -0.03125, -4.50781, 0.87500 
0.09719, 0.23438, -0.44531, 1.00000 
0.09750, -0.12500, 5.00000, 0.91406 
0.09781, -0.46094, 7.39062, 1.08594 
0.09813, 0.10938, 7.41406, 1.53125 
0.09844, -0.07031, 3.32812, 1.81250 
0.09875, 0.07031, -1.62500, 0.98438 
0.09906, 0.55469, -6.53906, -0.05469 
0.09938, 0.14062, -8.10156, 0.10938 
0.09969, -0.22656, -5.97656, 1.05469 
0.10000, 0.34375, -2.03125, 0.67188 
0.10031, 0.00781, 4.17969, 1.18750 
0.10063, 0.00781, 6.82031, 1.05469 
0.10094, 0.01562, 8.17969, 1.77344 
0.10125, -0.15625, 4.62500, 2.28125 
0.10156, 0.20312, -0.25000, 1.42969 
0.10188, 0.18750, -5.66406, 0.03906 
0.10219, 0.50781, -7.88281, -0.04688 
0.10250, 0.79688, -7.21875, 0.50000 
0.10281, -0.31250, -3.28906, 1.30469 
0.10313, 0.48438, 2.78906, 1.35938 
0.10344, -0.42188, 6.32031, 1.64844 
0.10375, -0.01562, 8.45312, 0.98438 
0.10406, -0.25000, 5.99219, 2.09375 
0.10437, 0.17969, 1.24219, 1.28906 
0.10469, -0.07812, -3.92969, 0.63281 
0.10500, 1.31250, -7.16406, -0.53906 
0.10531, 0.90625, -7.68750, 0.57812 
0.10562, -1.03906, -3.82812, 1.41406 
0.10594, 0.92969, 0.85938, 0.61719 
0.10625, -1.19531, 5.70312, 1.81250 
0.10656, 0.30469, 7.92188, 0.50000 
0.10687, -0.37500, 6.94531, 2.34375 
0.10719, 0.18750, 2.77344, 1.25781 
0.10750, 0.18750, 2.77344, 1.25781 
0.10781, -0.49219, -2.45312, 1.24219 
0.10812, 1.89062, -6.48438, -1.03125 
0.10844, 0.00781, -7.99219, 0.70312 
0.10875, -0.02344, -4.57812, 1.08594 
0.10906, 0.82031, -0.85938, 0.64062 
0.10938, -0.87500, 4.94531, 1.60938 
0.10969, 0.28906, 7.23438, 0.57812 
0.11000, -0.38281, 7.47656, 1.78125 
0.11031, -0.01562, 3.60156, 1.59375 
0.11063, -0.26562, -1.42188, 1.14844 
0.11094, 1.03125, -6.38281, -0.61719 
0.11125, -0.20312, -8.10156, 0.21094 
0.11156, 1.50781, -6.07812, 0.44531 
0.11188, 0.70312, -2.04688, 1.72656 
0.11219, -0.50781, 4.06250, 1.83594 
0.11250, 0.64844, 6.51562, 0.35156 
0.11281, -0.80469, 8.50781, 1.13281 
0.11313, 0.32812, 4.86719, 1.35938 
0.11344, -0.25781, 0.25000, 1.70312 
0.11375, 0.22656, -5.29688, 0.25781 
0.11406, -0.09375, -7.60156, 0.04688 
0.11438, -0.56250, -7.34375, -0.32031 
0.11469, 0.28125, -3.42188, 0.87500 
0.11500, -0.17188, 2.31250, 1.75000 
0.11531, -0.17188, 6.25000, 1.32812 
0.11563, 1.11719, 8.23438, 0.67188 
0.11594, -0.53906, 6.05469, 2.69531 
0.11625, 0.25000, 1.48438, 1.41406 
0.11656, 0.22656, -3.64062, 0.74219 
0.11688, 0.23438, -7.10156, -0.19531 
0.11719, 0.71094, -7.85156, -0.01562 
0.11750, -0.32031, -4.26562, 0.72656 
0.11781, -0.11719, 0.34375, 1.20312 
0.11813, -1.52344, 5.40625, 2.18750 
0.11844, 0.61719, 7.77344, 0.36719 
0.11875, -0.10156, 6.90625, 1.98438 
0.11906, -0.10156, 6.90625, 1.98438 
0.11938, 0.00000, 2.72656, 1.61719 
0.11969, 0.78125, -6.70312, -0.02344 
0.12000, 0.78125, -6.70312, -0.02344 
0.12031, 0.20312, -8.07812, 0.10156 
0.12062, 0.52344, -5.07812, 0.25000 
0.12094, -1.00000, -1.16406, 1.67969 
0.12125, 0.17969, 4.75000, 1.02344 
0.12156, -0.14844, 7.23438, 1.25781 
0.12187, -0.31250, 7.85938, 1.64062 
0.12219, 0.02344, 3.87500, 1.86719 
0.12250, -0.34375, -1.02344, 1.03125 
0.12281, 0.50781, -6.16406, 0.00781 
0.12312, 0.35156, -7.89844, -0.41406 
0.12344, 0.63281, -6.42188, 0.47656 
0.12375, 0.14062, -2.39844, 1.02344 
0.12406, -0.45312, 3.58594, 1.64062 
0.12437, 0.17188, 6.53906, 1.30469 
0.12469, -0.69531, 8.25000, 1.36719 
0.12500, 0.11719, 5.25000, 1.24219 
0.12531, 0.47656, 0.56250, 0.83594 
0.12563, 0.17188, -4.78125, 0.38281 
0.12594, 0.43750, -7.47656, 0.14844 
0.12625, 0.63281, -7.51562, 0.65625 
0.12656, 0.09375, -3.77344, 0.57031 
0.12688, -0.42188, 1.89844, 0.87500 
0.12719, 0.24219, 5.92969, 1.35938 
0.12750, -0.35938, 8.39844, 1.14844 
0.12781, -0.18750, 6.64844, 1.85156 
0.12812, 0.55469, 2.06250, 1.03906 
0.12844, -0.07031, -3.14844, 0.77344 
0.12875, 0.44531, -6.96094, -0.32812 
0.12906, 0.59375, -7.73438, 0.67969 
0.12937, -0.16406, -4.17969, 1.00000 
0.12969, 0.19531, 0.27344, 0.67188 
0.13000, 0.06250, 5.35156, 1.17188 
0.13031, -0.29688, 7.67188, 1.15625 
0.13062, -0.03125, 7.11719, 2.10938 
0.13094, -0.28906, 2.89844, 1.85938 
0.13125, -0.28906, 2.89844, 1.85938 
0.13156, -0.02344, -1.99219, 0.96094 
0.13187, 0.86719, -6.50781, -0.48438 
0.13219, 0.25781, -8.14844, 0.10156 
0.13250, 0.61719, -5.09375, 0.81250 
0.13281, -0.32812, -1.50000, 1.75000 
0.13312, 0.00781, 4.50781, 1.34375 
0.13344, -0.18750, 6.88281, 0.93750 
0.13375, 0.10156, 7.69531, 1.34375 
0.13406, -0.22656, 4.19531, 2.15625 
0.13437, 0.21094, -0.74219, 1.25781 
0.13469, 0.15625, -5.92188, 0.04688 
0.13500, 0.49219, -7.95312, -0.24219 
0.13531, -0.23438, -6.86719, 0.89844 
0.13562, 0.21094, -2.92188, 0.68750 
0.13594, -0.02344, 3.32031, 1.59375 
0.13625, -0.31250, 6.49219, 1.30469 
0.13656, 0.24219, 8.40625, 1.18750 
0.13687, 0.00000, 5.59375, 1.91406 
0.13719, 0.00000, 0.75781, 1.48438 
0.13750, 0.34375, -4.67188, 0.50781 
0.13781, 0.45312, -7.46094, -0.16406 
0.13812, -0.70312, -7.87500, 0.19531 
0.13844, 0.46094, -3.75000, 0.51562 
0.13875, -0.94531, 1.48438, 1.82031 
0.13906, 0.07031, 5.73438, 0.74219 
0.13937, 0.46094, 8.00781, 0.67188 
0.13969, -0.28125, 6.35156, 2.26562 
0.14000, 0.07031, 2.07812, 1.55469 
0.14031, 0.17188, -2.92188, 0.69531 
0.14062, 0.38281, -6.68750, -0.27344 
0.14094, -0.39844, -7.97656, -0.46875 
0.14125, 0.38281, -4.44531, 0.30469 
0.14156, -1.69531, -0.25000, 2.03906 
0.14188, 0.57031, 5.17969, 0.61719 
0.14219, 0.02344, 7.49219, 0.75000 
0.14250, -0.14062, 7.39062, 1.68750 
0.14281, 0.24219, 3.23438, 1.75000 
0.14313, 0.24219, 3.23438, 1.75000 
0.14344, 0.14844, -1.70312, 1.03125 
0.14375, 0.35938, -6.50781, 0.00000 
0.14406, 0.25000, -8.21094, -0.74219 
0.14438, 0.32812, -5.60938, 0.30469 
0.14469, -1.92969, -1.81250, 1.74219 
0.14500, 0.63281, 4.44531, 0.77344 
0.14531, -0.39062, 6.90625, 1.18750 
0.14563, -0.14062, 8.17969, 1.43750 
0.14594, -0.14062, 4.46875, 2.12500 
0.14625, 0.54688, -0.39844, 0.99219 
0.14656, -0.06250, -5.76562, 0.43750 
0.14688, 0.77344, -7.85938, -0.57031 
0.14719, 1.39844, -6.85938, 0.78906 
0.14750, 0.56250, -3.00000, 1.47656 
0.14781, -1.02344, 3.17188, 2.14844 
0.14813, 0.67969, 6.09375, 0.50781 
0.14844, -1.16406, 8.50781, 1.36719 
0.14875, 0.25000, 5.78906, 1.26562 
0.14906, -0.14844, 1.34375, 2.03125 
0.14938, -0.08594, -3.87500, 0.67188 
0.14969, 0.32812, -7.05469, -0.03125 
0.15000, 0.21875, -7.50000, -0.17969 
0.15031, 0.03125, -4.02344, 0.85938 
0.15063, -0.46094, 1.00000, 1.75000 
0.15094, -0.07812, 5.54688, 1.43750 
0.15125, 0.42969, 7.89844, 0.61719 
0.15156, -0.46094, 6.82812, 2.00781 
0.15188, 0.50000, 2.54688, 1.44531 
0.15219, -0.57031, -2.47656, 1.24219 
0.15250, 1.00000, -6.81250, -0.44531 
0.15281, 0.14844, -7.97656, 0.00000 
0.15313, 0.53906, -4.60156, 0.51562 
0.15344, -0.54688, -0.75781, 1.23438 
0.15375, 0.26562, 4.99219, 1.48438 
0.15406, -1.49219, 7.28125, 1.66406 
0.15438, 0.60938, 7.44531, 0.75000 
0.15469, 0.00000, 3.47656, 1.50000 
0.15500, 0.00000, 3.47656, 1.50000 
0.15531, 0.00000, -1.64844, 1.03125 
0.15563, 0.75781, -6.38281, 0.25000 
0.15594, 0.22656, -8.18750, 0.17969 
0.15625, 0.44531, -5.98438, 0.45312 
0.15656, 0.32812, -2.20312, 0.42969 
0.15688, -0.46875, 3.99219, 1.56250 
0.15719, 0.08594, 6.64844, 0.84375 
0.15750, -0.25000, 8.17969, 1.57031 
0.15781, 0.16406, 4.81250, 1.75000 
0.15813, 0.17188, 0.03125, 1.32812 
0.15844, 0.15625, -5.34375, 0.15625 
0.15875, 0.23438, -7.67969, 0.09375 
0.15906, 0.42188, -7.35156, 0.25781 
0.15938, -0.08594, -3.49219, 0.68750 
0.15969, 0.21875, 2.46094, 1.16406 
0.16000, -0.21875, 6.11719, 1.55469 
0.16031, -0.31250, 8.49219, 1.35938 
0.16062, -0.06250, 6.17969, 2.32812 
0.16094, -0.00781, 1.73438, 1.00781 
0.16125, 0.27344, -3.65625, 0.22656 
0.16156, 0.74219, -7.03125, -0.50781 
0.16187, 0.48438, -7.60938, 0.77344 
0.16219, -0.12500, -4.05469, 1.37500 
0.16250, 0.18750, 0.74219, 1.07812 
0.16281, -0.20312, 5.48438, 1.14844 
0.16312, -0.15625, 7.90625, 0.96094 
0.16344, -0.10938, 7.06250, 2.12500 
0.16375, 0.06250, 2.73438, 1.78906 
0.16406, -0.60156, -2.18750, 1.00000 
0.16437, 1.21094, -6.64844, -0.60938 
0.16469, 0.00000, -7.97656, 0.28906 
0.16500, 0.24219, -5.00000, 0.74219 
0.16531, 0.32812, -1.00000, 1.30469 
0.16562, -0.44531, 4.64844, 1.67188 
0.16594, -0.03125, 7.14062, 0.82031 
0.16625, 0.07031, 7.50781, 1.34375 
0.16656, 0.07031, 7.50781, 1.34375 
0.16687, -0.10156, -1.24219, 1.32031 
0.16719, 1.08594, -6.33594, -0.08594 
0.16750, 1.08594, -6.33594, -0.08594 
0.16781, -0.13281, -7.96875, 0.18750 
0.16812, 0.53125, -6.35156, 0.85156 
0.16844, 0.36719, -2.51562, 0.68750 
0.16875, -0.43750, 3.75781, 1.62500 
0.16906, 0.06250, 6.50781, 0.93750 
0.16937, -0.03125, 8.23438, 1.28125 
0.16969, -0.32812, 5.10938, 1.74219 
0.17000, 0.07812, 0.29688, 1.28125 
0.17031, 0.32812, -5.01562, 0.14844 
0.17062, 0.24219, -7.69531, -0.18750 
0.17094, -0.81250, -7.37500, 0.57812 
0.17125, 1.42188, -3.50000, 0.93750 
0.17156, 0.15625, 1.84375, 1.51562 
0.17188, -0.45312, 6.11719, 1.22656 
0.17219, 1.28906, 8.07812, 0.20312 
0.17250, -0.62500, 6.22656, 2.46094 
0.17281, 0.26562, 1.80469, 1.33594 
0.17313, -0.09375, -3.27344, 0.75000 
0.17344, 0.80469, -6.85156, -0.63281 
0.17375, -1.58594, -7.82031, 0.40625 
0.17406, 1.76562, -4.03906, 0.46875 
0.17438, -0.44531, -0.12500, 1.67188 
0.17469, -0.10156, 5.40625, 1.20312 
0.17500, 0.78906, 7.48438, 0.49219 
0.17531, -0.11719, 7.00781, 2.25781 
0.17563, -0.13281, 2.99219, 1.89844 
0.17594, -0.15625, -2.20312, 1.08594 
0.17625, 0.93750, -6.50000, -0.47656 
0.17656, -0.19531, -8.25781, 0.14844 
0.17688, -0.52344, -5.25000, 0.34375 
0.17719, -0.04688, -1.50000, 1.09375 
0.17750, -1.22656, 4.53125, 2.14844 
0.17781, 0.49219, 7.02344, 0.32031 
0.17813, 0.50000, 7.75000, 1.25781 
0.17844, 0.50000, 7.75000, 1.25781 
0.17875, -0.08594, 3.99219, 2.20312 
0.17906, 0.24219, -1.03906, 1.54688 
0.17938, 0.67188, -6.19531, 0.25000 
0.17969, 0.59375, -8.04688, 0.00000 
0.18000, 0.80469, -6.73438, 0.29688 
0.18031, -0.46094, -2.53125, 1.53906 
0.18063, 0.44531, 3.14844, 1.02344 
0.18094, -1.07031, 6.75000, 1.65625 
0.18125, 0.57812, 8.28125, 0.66406 
0.18156, -0.57031, 5.64062, 2.38281 
0.18188, -0.11719, 0.80469, 1.21094 
0.18219, 0.27344, -4.46094, 0.60938 
0.18250, 0.42969, -7.23438, -0.52344 
0.18281, 0.84375, -7.54688, 0.30469 
0.18313, 0.45312, -3.77344, 0.96094 
0.18344, -0.46094, 1.58594, 1.75000 
0.18375, 0.24219, 5.72656, 1.76562 
0.18406, 0.17188, 8.24219, 0.68750 
0.18438, -0.64844, 6.85938, 1.76562 
0.18469, 0.99219, 2.42188, 0.71875 
0.18500, -0.53125, -2.67188, 1.36719 
0.18531, 0.70312, -6.71875, -0.32812 
0.18563, 0.44531, -7.78906, 0.48438 
0.18594, 0.26562, -4.37500, 0.57812 
0.18625, -0.10938, -0.07031, 1.25000 
0.18656, 0.46875, 5.07812, 0.96094 
0.18688, -0.82031, 7.85938, 1.40625 
0.18719, 0.62500, 7.39844, 1.14062 
0.18750, -0.17969, 3.20312, 2.01562 
0.18781, -0.21875, -1.82812, 0.82812 
0.18813, 0.75000, -6.62500, -0.06250 
0.18844, 0.16406, -8.05469, -0.02344 
0.18875, 0.12500, -5.53125, 0.60938 
0.18906, 0.47656, -1.57031, 0.70312 
0.18938, -0.13281, 4.38281, 1.71875 
0.18969, -0.15625, 6.84375, 1.25781 
0.19000, -0.07031, 7.87500, 1.42188 
0.19031, -0.50000, 4.18750, 2.02344 
0.19063, 0.41406, -0.40625, 0.60938 
0.19094, 0.35938, -5.81250, 0.00000 
0.19125, 0.35938, -5.81250, 0.00000 
0.19156, 0.32031, -7.86719, -0.12500 
0.19188, 0.46094, -7.00000, 1.10938 
0.19219, -0.14062, -3.22656, 1.05469 
0.19250, -0.09375, 2.96094, 1.39844 
0.19281, 0.03906, 6.09375, 0.85938 
0.19312, 0.10938, 8.42188, 1.22656 
0.19344, -0.46094, 5.99219, 2.21875 
0.19375, 0.33594, 1.20312, 1.47656 
0.19406, 0.14844, -4.01562, 0.32031 
0.19437, 0.37500, -7.60938, -0.47656 
0.19469, 0.80469, -7.80469, 0.38281 
0.19500, -0.46875, -4.00000, 1.48438 
0.19531, 0.18750, 1.20312, 1.21094 
0.19562, -0.35156, 5.87500, 1.26562 
0.19594, 0.27344, 8.14844, 0.50781 
0.19625, -0.40625, 6.82031, 2.42969 
0.19656, 0.12500, 2.36719, 1.74219 
0.19687, -0.39844, -2.71875, 1.28906 
0.19719, 0.87500, -6.76562, -0.71875 
0.19750, 0.71875, -7.89062, 0.02344 
0.19781, -0.74219, -4.50000, 1.27344 
0.19812, 0.67188, -0.50000, 0.68750 
0.19844, -0.49219, 4.97656, 1.61719 
0.19875, 0.10156, 7.32031, 0.81250 
0.19906, -0.10938, 7.29688, 1.90625 
0.19937, 0.19531, 3.39844, 1.70312 
0.19969, -0.22656, -1.53125, 1.37500 
0.20000, 0.73438, -6.35938, -0.50000 
0.20031, 0.27344, -7.94531, 0.00000 
0.20062, -0.50000, -5.92969, 0.88281 
0.20094, 0.79688, -2.21094, 0.50000 
0.20125, -0.34375, 4.00000, 1.56250 
0.20156, -0.26562, 6.69531, 1.16406 
0.20187, 0.17969, 8.20312, 1.28125 
0.20219, -0.05469, 4.75781, 1.77344 
0.20250, -0.05469, 4.75781, 1.77344 
0.20281, -0.16406, -0.07812, 1.20312 
0.20312, 0.66406, -5.38281, -0.10156 
0.20344, 0.17188, -7.75000, 0.03125 
0.20375, 1.00000, -7.25000, 0.47656 
0.20406, -0.15625, -3.21875, 1.48438 
0.20438, 0.98438, 2.64844, 1.59375 
0.20469, 0.40625, 5.96875, 0.88281 
0.20500, -0.81250, 8.84375, 1.22656 
0.20531, 0.85156, 6.09375, 1.35156 
0.20563, -0.42188, 1.69531, 2.00000 
0.20594, 0.04688, -3.61719, 0.54688 
0.20625, 0.14062, -6.92188, -0.14844 
0.20656, 1.33594, -7.64062, -0.38281 
0.20688, -0.64844, -4.38281, 0.65625 
0.20719, -1.69531, 0.87500, 1.72656 
0.20750, 0.35938, 5.41406, 0.82812 
0.20781, -0.37500, 7.83594, 0.99219 
0.20813, -0.19531, 6.87500, 1.84375 
0.20844, 0.26562, 2.67188, 1.91406 
0.20875, -0.10156, -2.03906, 0.88281 
0.20906, 0.53125, -6.58594, 0.00000 
0.20938, 0.69531, -7.77344, -0.31250 
0.20969, -1.00781, -4.92188, 1.02344 
0.21000, 0.78125, -0.98438, 1.00000 
0.21031, -0.55469, 4.63281, 2.14844 
0.21063, -0.02344, 7.05469, 0.64844 
0.21094, 0.63281, 7.44531, 1.08594 
0.21125, -0.13281, 3.60938, 2.02344 
0.21156, 0.02344, -1.25781, 1.52344 
0.21188, 0.65625, -6.27344, 0.03906 
0.21219, 0.07031, -8.19531, 0.00000 
0.21250, 0.88281, -6.26562, 0.11719 
0.21281, 0.32812, -2.43750, 1.23438 
0.21313, -0.78125, 3.74219, 2.17969 
0.21344, 0.38281, 6.42188, 0.84375 
0.21375, -0.50781, 8.21875, 1.08594 
0.21406, 0.35156, 5.26562, 1.34375 
0.21438, -0.17969, 0.50000, 1.53906 
0.21469, -0.17969, 0.50000, 1.53906 
0.21500, 0.35156, -4.81250, 0.50000 
0.21531, -0.26562, -7.50781, 0.30469 
0.21563, 1.24219, -7.42969, -0.32031 
0.21594, 0.08594, -3.58594, 0.74219 
0.21625, 0.37500, 1.88281, 1.18750 
0.21656, -0.95312, 5.96875, 2.14062 
0.21688, 0.76562, 8.12500, 0.53125 
0.21719, -1.00000, 6.48438, 2.34375 
0.21750, 0.88281, 1.99219, 0.44531 
0.21781, -0.33594, -3.10156, 1.19531 
0.21813, 0.70312, -6.75781, -0.25000 
0.21844, 0.00000, -7.62500, 0.84375 
0.21875, 0.59375, -4.22656, 0.13281 
0.21906, -0.13281, 0.15625, 0.96094 
0.21938, 0.20312, 5.25000, 0.98438 
0.21969, -1.07812, 7.76562, 1.85156 
0.22000, 0.35938, 7.14844, 1.48438 
0.22031, -0.38281, 2.92188, 1.66406 
0.22063, 0.33594, -2.03906, 0.40625 
0.22094, 0.40625, -6.58594, 0.14062 
0.22125, 0.38281, -8.04688, 0.24219 
0.22156, -0.49219, -5.21094, 1.37500 
0.22188, 0.82812, -1.57812, 0.32812 
0.22219, -0.25000, 4.61719, 1.29688 
0.22250, 0.14062, 7.00000, 0.85156 
0.22281, -0.03125, 7.82812, 2.03125 
0.22313, -0.25000, 4.12500, 2.14844 
0.22344, 0.01562, -0.79688, 1.25781 
0.22375, 0.60156, -5.80469, -0.51562 
0.22406, 0.25000, -8.00000, -0.27344 
0.22437, 0.75000, -6.76562, 0.71875 
0.22469, -0.20312, -2.89844, 1.67969 
0.22500, 0.05469, 3.09375, 1.32812 
0.22531, -0.15625, 6.42188, 0.96094 
0.22562, 0.06250, 8.25000, 0.92188 
0.22594, -0.34375, 5.64844, 2.21875 
0.22625, 0.11719, 0.89844, 1.63281 
0.22656, 0.11719, 0.89844, 1.63281 
0.22687, 0.46094, -4.36719, 0.48438 
0.22719, 0.25781, -7.28125, -0.37500 
0.22750, 0.69531, -7.74219, 0.56250 
0.22781, 0.21094, -3.85156, 0.75000 
0.22812, -0.39062, 1.50000, 1.64062 
0.22844, -0.10156, 5.75781, 1.40625 
0.22875, 0.00000, 8.18750, 0.94531 
0.22906, -0.19531, 6.53125, 1.59375 
0.22937, 0.11719, 2.30469, 1.59375 
0.22969, -0.14062, -2.80469, 0.83594 
0.23000, 0.71094, -6.73438, -0.32812 
0.23031, -0.85938, -7.85938, 0.15625 
0.23062, 0.98438, -4.39844, 0.54688 
0.23094, -0.50000, -0.44531, 1.68750 
0.23125, -0.04688, 5.03125, 1.20312 
0.23156, 0.56250, 7.15625, 0.57812 
0.23187, -0.33594, 7.14062, 1.90625 
0.23219, 0.14844, 3.16406, 1.78125 
0.23250, -0.04688, -1.67188, 1.03125 
0.23281, 0.54688, -6.39844, -0.17188 
0.23312, -1.29688, -8.17969, -0.03906 
0.23344, 1.18750, -5.67188, 0.24219 
0.23375, -1.10938, -2.13281, 1.77344 
0.23406, 0.58594, 4.21875, 0.89844 
0.23438, 0.03906, 6.63281, 1.00000 
0.23469, 0.20312, 8.00000, 1.57031 
0.23500, -0.39062, 4.70312, 2.27344 
0.23531, 0.51562, -0.25000, 1.02344 
0.23563, 0.12500, -5.48438, 0.24219 
0.23594, 0.25000, -7.85156, -0.36719 
0.23625, 1.64062, -7.14062, 0.41406 
0.23656, 0.46094, -3.21875, 1.70312 
0.23688, -0.58594, 2.80469, 1.82031 
0.23719, 0.64844, 6.00781, 0.37500 
0.23750, -0.95312, 8.71094, 1.24219 
0.23781, 0.30469, 6.06250, 1.38281 
0.23813, -0.25781, 1.67969, 2.06250 
0.23844, -0.25781, 1.67969, 2.06250 
0.23875, 0.00000, -3.65625, 0.72656 
0.23906, 0.39844, -6.89062, -0.07812 
0.23938, -0.27344, -7.51562, -0.28125 
0.23969, 0.80469, -4.01562, 1.00000 
0.24000, 0.32031, 0.50000, 1.46094 
0.24031, -0.50000, 5.49219, 1.71875 
0.24063, 1.17969, 7.72656, 0.50000 
0.24094, -0.71875, 6.75000, 2.46875 
0.24125, 0.10156, 2.46094, 1.48438 
0.24156, -0.17969, -2.32812, 1.10156 
0.24188, 0.50000, -6.66406, -0.44531 
0.24219, 0.12500, -7.99219, -0.17188 
0.24250, 0.40625, -4.89844, 0.71875 
0.24281, -0.39844, -1.27344, 1.13281 
0.24313, 0.03125, 4.62500, 1.50000 
0.24344, -1.25781, 7.03906, 1.60938 
0.24375, 0.57031, 7.60938, 0.93750 
0.24406, 0.15625, 3.67188, 1.62500 
0.24438, -0.05469, -1.22656, 1.39062 
0.24469, 0.64844, -6.22656, 0.32812 
0.24500, 0.65625, -8.19531, 0.02344 
0.24531, -0.67969, -6.39062, 0.88281 
0.24563, 1.22656, -2.48438, 0.65625 
0.24594, 0.35156, 3.50781, 1.37500 
0.24625, -0.67188, 6.83594, 1.35156 
0.24656, 0.87500, 8.13281, 0.95312 
0.24688, -0.60156, 5.07031, 2.32031 
0.24719, 0.12500, 0.20312, 1.21094 
0.24750, 0.25781, -5.05469, 0.30469 
0.24781, 0.28125, -7.55469, -0.32031 
0.24813, 0.62500, -7.51562, 0.25000 
0.24844, 0.25000, -3.51562, 0.78125 
0.24875, -0.03125, 1.92969, 1.50000 
0.24906, -0.00781, 5.85156, 1.60156 
0.24938, -0.11719, 8.18750, 1.00781 
0.24969, -0.62500, 6.16406, 2.10938 
0.25000, 0.78906, 2.01562, 0.64844 
0.25031, -0.38281, -3.20312, 0.77344 
0.25062, -0.38281, -3.20312, 0.77344 
0.25094, 0.96094, -6.86719, -0.70312 
0.25125, 0.33594, -7.73438, 0.80469 
0.25156, -0.01562, -4.34375, 1.02344 
0.25188, 0.07031, 0.14844, 1.04688 
0.25219, -0.25000, 5.06250, 0.97656 
0.25250, -0.13281, 7.66406, 1.12500 
0.25281, -0.34375, 7.26562, 1.96875 
0.25312, 0.29688, 3.10156, 1.58594 
0.25344, -0.12500, -1.86719, 1.05469 
0.25375, 1.13281, -6.85156, -0.41406 
0.25406, -0.21875, -8.14062, 0.50000 
0.25438, 0.33594, -5.35938, 0.96094 
0.25469, -0.10156, -1.49219, 1.07812 
0.25500, 0.07031, 4.57812, 0.90625 
0.25531, 0.09375, 6.92188, 0.89062 
0.25562, -0.08594, 7.80469, 1.71094 
0.25594, -0.18750, 3.96094, 2.45312 
0.25625, -0.03125, -0.87500, 1.30469 
0.25656, 0.64062, -6.12500, -0.35938 
0.25688, 0.17188, -7.93750, -0.34375 
0.25719, -0.03125, -6.75000, 0.92969 
0.25750, 0.25000, -2.82031, 0.83594 
0.25781, -0.25781, 3.23438, 1.49219 
0.25812, -0.07031, 6.28125, 0.96094 
0.25844, 0.05469, 8.31250, 1.30469 
0.25875, -0.21875, 5.57812, 2.10156 
0.25906, -0.05469, 0.96094, 1.54688 
0.25938, 0.39844, -4.32812, 0.13281 
0.25969, 0.49219, -7.23438, -0.42188 
0.26000, 0.05469, -7.63281, 0.60938 
0.26031, 0.47656, -4.03125, 0.48438 
0.26062, -0.28906, 1.29688, 1.56250 
0.26094, -0.46875, 5.54688, 1.46094 
0.26125, 0.12500, 8.22656, 0.85938 
0.26156, -0.19531, 6.70312, 1.88281 
0.26188, -0.19531, 6.70312, 1.88281 
0.26219, -0.02344, 2.39844, 1.54688 
0.26250, 0.53125, -6.73438, -0.21875 
0.26281, 0.53125, -6.73438, -0.21875 
0.26312, 0.25781, -7.79688, 0.11719 
0.26344, 0.50781, -4.54688, 0.40625 
0.26375, 0.00000, -0.46875, 0.88281 
0.26406, -2.27344, 5.21875, 2.32031 
0.26438, 1.03906, 7.36719, -0.14844 
0.26469, -0.60156, 7.32031, 1.80469 
0.26500, 0.09375, 3.01562, 1.48438 
0.26531, -0.17188, -1.78906, 1.50781 
0.26562, 0.91406, -6.42969, -0.17188 
0.26594, -0.14844, -8.07812, 0.39844 
0.26625, 0.82812, -5.63281, -0.10156 
0.26656, -1.79688, -1.98438, 1.17188 
0.26688, 1.40625, 4.25781, 1.38281 
0.26719, -0.59375, 6.82031, 1.71094 
0.26750, 0.08594, 8.25000, 1.04688 
0.26781, 1.05469, 4.64062, 1.41406 
0.26813, -0.11719, -0.07031, 1.57031 
0.26844, 0.48438, -5.48438, 0.40625 
0.26875, 0.22656, -7.72656, 0.06250 
0.26906, 0.67188, -7.26562, 0.34375 
0.26938, -2.37500, -3.37500, 0.68750 
0.26969, 1.87500, 2.80469, 0.95312 
0.27000, -1.07812, 6.11719, 2.17188 
0.27031, 0.46875, 8.60156, 0.94531 
0.27063, 0.77344, 5.93750, 1.73438 
0.27094, 0.14062, 1.52344, 1.71094 
0.27125, -0.03906, -3.92188, 0.80469 
0.27156, 0.78125, -7.14844, -0.24219 
0.27188, 0.54688, -7.77344, 0.27344 
0.27219, 0.00000, -4.31250, 0.25781 
0.27250, -1.60156, 1.00000, 1.71094 
0.27281, 0.28125, 5.24219, 0.69531 
0.27313, -0.51562, 7.87500, 1.25000 
0.27344, -0.07031, 6.77344, 1.86719 
0.27375, -0.07031, 6.77344, 1.86719 
0.27406, 0.09375, 2.71875, 1.96875 
0.27437, -0.28125, -2.17188, 0.89062 
0.27469, 1.03125, -6.51562, -0.36719 
0.27500, 0.29688, -7.81250, -0.21875 
0.27531, 0.64062, -4.76562, 0.82031 
0.27563, -0.58594, -0.81250, 1.59375 
0.27594, 0.50000, 4.81250, 1.77344 
0.27625, -0.06250, 7.01562, 0.71094 
0.27656, -0.34375, 7.85156, 1.42969 
0.27687, 0.71094, 3.63281, 1.28906 
0.27719, -0.43750, -1.00000, 1.69531 
0.27750, 0.64844, -6.22656, 0.02344 
0.27781, -0.07812, -7.92969, 0.17188 
0.27813, 0.78125, -6.17969, -0.03125 
0.27844, -0.12500, -2.41406, 0.98438 
0.27875, -0.45312, 3.85938, 1.59375 
0.27906, 0.03906, 6.53906, 0.96875 
0.27937, -0.20312, 8.33594, 1.23438 
0.27969, 0.10156, 5.03906, 1.65625 
0.28000, 0.22656, 0.34375, 1.27344 
0.28031, 0.13281, -5.07031, 0.39062 
0.28063, 0.07812, -7.50000, 0.23438 
0.28094, 0.81250, -7.32031, 0.00000 
0.28125, -0.19531, -3.62500, 0.70312 
0.28156, 0.42188, 1.96875, 0.90625 
0.28187, -0.48438, 5.80469, 1.75000 
0.28219, -0.25781, 8.20312, 1.16406 
0.28250, -0.17969, 6.32812, 2.21875 
0.28281, 0.03125, 1.99219, 1.00000 
0.28313, 0.25000, -3.08594, 0.33594 
0.28344, 0.75781, -6.67188, -0.42188 
0.28375, 0.31250, -7.59375, 0.71094 
0.28406, -0.14062, -4.16406, 1.39062 
0.28437, 0.34375, 0.14062, 0.87500 
0.28469, -0.29688, 5.22656, 1.18750 
0.28500, -0.04688, 7.64062, 0.75781 
0.28531, -0.10156, 7.25000, 2.07031 
0.28563, 0.03125, 3.08594, 1.88281 
0.28594, 0.03125, 3.08594, 1.88281 
0.28625, -0.49219, -1.85156, 1.14844 
0.28656, 0.93750, -6.55469, -0.42188 
0.28687, 0.48438, -8.07812, -0.00781 
0.28719, 0.05469, -5.31250, 0.99219 
0.28750, 0.37500, -1.39062, 1.30469 
0.28781, -0.28906, 4.50000, 1.67969 
0.28813, -0.03906, 7.00781, 0.75781 
0.28844, 0.00781, 7.64844, 1.30469 
0.28875, -0.03125, 4.03906, 1.89844 
0.28906, -0.10156, -0.85156, 1.44531 
0.28937, 1.02344, -5.92969, 0.00000 
0.28969, -0.07812, -7.76562, 0.06250 
0.29000, 0.65625, -6.67188, 0.63281 
0.29031, 0.11719, -2.75000, 0.75000 
0.29063, -0.42969, 3.28125, 1.55469 
0.29094, 0.01562, 6.17969, 1.08594 
0.29125, -0.06250, 8.18750, 1.21875 
0.29156, -0.25781, 5.46094, 1.79688 
0.29187, 0.15625, 0.92188, 1.39062 
0.29219, 0.20312, -4.26562, 0.35938 
0.29250, 0.80469, -7.25781, -0.26562 
0.29281, 0.90625, -7.40625, 0.71875 
0.29313, -0.06250, -3.72656, 1.29688 
0.29344, 0.93750, 1.16406, 0.65625 
0.29375, -1.18750, 5.72656, 1.78125 
0.29406, 0.79688, 7.93750, 0.30469 
0.29437, -0.60938, 6.75000, 2.50000 
0.29469, 0.22656, 2.41406, 1.39844 
0.29500, -0.44531, -2.66406, 1.00000 
0.29531, 1.39844, -6.60156, -0.89062 
0.29563, -1.87500, -8.07812, 0.32812 
0.29594, 1.47656, -4.39844, 0.41406 
0.29625, -0.50000, -0.70312, 1.83594 
0.29656, 0.17969, 5.10156, 1.03125 
0.29688, 0.55469, 7.25781, 0.68750 
0.29719, 0.03125, 7.14844, 2.04688 
0.29750, -0.16406, 3.21875, 2.07812 
0.29781, -0.16406, 3.21875, 2.07812 
0.29813, -0.07812, -1.89062, 1.04688 
0.29844, 0.75000, -6.42969, -0.42969 
0.29875, -0.12500, -8.14062, -0.10156 
0.29906, -0.06250, -5.84375, 0.29688 
0.29938, -0.46094, -2.07031, 1.03125 
0.29969, -1.51562, 4.12500, 2.18750 
0.30000, 0.55469, 6.63281, 0.22656 
0.30031, 0.27344, 7.92969, 1.17969 
0.30063, -0.23438, 4.57812, 2.07812 
0.30094, 0.26562, -0.19531, 1.71094 
0.30125, 0.48438, -5.50000, 0.47656 
0.30156, 0.78125, -7.71094, -0.14844 
0.30188, 0.96875, -7.25000, 0.20312 
0.30219, -0.40625, -3.21094, 1.53906 
0.30250, 0.48438, 2.38281, 0.92188 
0.30281, -1.02344, 6.35156, 1.71094 
0.30313, 0.57812, 8.44531, 0.53906 
0.30344, -0.70312, 6.35938, 2.42969 
0.30375, -0.09375, 1.62500, 1.22656 
0.30406, 0.24219, -3.58594, 0.76562 
0.30438, 0.44531, -6.89844, -0.62500 
0.30469, 0.77344, -7.66406, 0.12500 
0.30500, 0.36719, -3.94531, 0.78906 
0.30531, -0.86719, 0.75000, 1.34375 
0.30562, 0.35156, 5.50781, 1.65625 
0.30594, -0.47656, 7.93750, 1.00000 
0.30625, -0.07031, 7.12500, 1.43750 
0.30656, 0.80469, 2.86719, 1.10938 
0.30688, -0.47656, -2.10156, 1.43750 
0.30719, 0.95312, -6.47656, -0.15625 
0.30750, 0.64844, -7.90625, 0.39062 
0.30781, 0.48438, -4.85156, 0.78125 
0.30812, -0.22656, -1.00000, 1.15625 
0.30844, 0.65625, 4.46094, 0.85938 
0.30875, -1.03906, 7.25000, 1.42969 
0.30906, 0.65625, 7.55469, 1.15625 
0.30938, 0.65625, 7.55469, 1.15625 
0.30969, -0.23438, 3.86719, 2.29688 
0.31000, -0.05469, -1.10156, 1.09375 
0.31031, 0.47656, -6.27344, 0.05469 
0.31062, 0.41406, -7.92969, -0.21875 
0.31094, 0.20312, -6.50000, 0.64844 
0.31125, 0.47656, -2.46094, 0.82812 
0.31156, 0.00000, 3.65625, 1.80469 
0.31188, -0.25781, 6.47656, 1.27344 
0.31219, 0.20312, 8.29688, 1.07812 
0.31250, -1.04688, 5.07812, 2.21094 
0.31281, 0.59375, 0.41406, 0.60156 
0.31312, 0.20312, -4.98438, 0.33594 
0.31344, 0.31250, -7.65625, -0.15625 
0.31375, 0.75781, -7.25000, 0.87500 
0.31406, -0.14062, -3.75000, 0.96875 
0.31438, -0.07812, 2.13281, 1.30469 
0.31469, 0.03906, 5.75000, 0.94531 
0.31500, 0.03125, 8.34375, 1.11719 
0.31531, -0.54688, 6.50781, 2.30469 
0.31562, 0.62500, 2.00000, 1.25000 
0.31594, -0.18750, -3.02344, 0.57812 
0.31625, 0.75000, -7.06250, -0.55469 
0.31656, 0.40625, -7.71875, 0.70312 
0.31688, -0.25781, -4.19531, 1.12500 
0.31719, 0.10156, 0.12500, 0.94531 
0.31750, 0.00000, 5.38281, 0.91406 
0.31781, 0.04688, 7.69531, 0.91406 
0.31812, -0.16406, 7.25000, 2.18750 
0.31844, 0.10156, 2.96875, 2.01562 
0.31875, -0.16406, -2.03125, 1.11719 
0.31906, 0.56250, -6.64062, -0.42969 
0.31938, 0.65625, -8.03906, -0.05469 
0.31969, 0.00000, -5.22656, 0.80469 
0.32000, -0.00781, -1.34375, 1.19531 
0.32031, 0.36719, 4.53906, 1.14062 
0.32062, -0.30469, 7.07031, 1.17188 
0.32094, 0.09375, 7.70312, 1.44531 
0.32125, 0.09375, 7.70312, 1.44531 
0.32156, -0.09375, 3.91406, 2.10156 
0.32188, -0.25000, -6.07031, 0.08594 
0.32219, -0.25000, -6.07031, 0.08594 
0.32250, 0.93750, -7.74219, -0.35156 
0.32281, 0.00000, -6.75781, 0.75000 
0.32312, -0.03125, -2.89844, 0.89062 
0.32344, 0.49219, 3.14844, 1.49219 
0.32375, -0.67188, 6.37500, 1.47656 
0.32406, 0.17969, 8.42969, 0.86719 
0.32438, 0.03906, 5.57031, 1.86719 
0.32469, -0.06250, 0.87500, 1.31250 
0.32500, 0.18750, -4.36719, 0.48438 
0.32531, 0.44531, -7.35156, -0.20312 
0.32562, 0.55469, -7.53906, 0.39062 
0.32594, -1.42188, -4.10156, 0.61719 
0.32625, 0.96875, 1.41406, 0.95312 
0.32656, -1.35156, 5.89062, 2.05469 
0.32688, 0.53125, 8.22656, 0.29688 
0.32719, 0.49219, 6.70312, 1.62500 
0.32750, -0.03906, 2.22656, 1.82031 
0.32781, -0.01562, -2.84375, 1.17188 
0.32812, 0.92969, -6.85938, -0.27344 
0.32844, 0.14062, -7.97656, 0.35938 
0.32875, 0.63281, -4.44531, 0.31250 
0.32906, -0.21875, -0.10156, 1.51562 
0.32938, 0.31250, 5.07812, 2.07812 
0.32969, 0.55469, 7.39844, 0.68750 
0.33000, -0.79688, 7.56250, 1.83594 
0.33031, 1.22656, 3.21094, 1.00000 
0.33063, -0.73438, -1.45312, 1.83594 
0.33094, 0.81250, -6.42188, -0.10938 
0.33125, -0.27344, -7.79688, 0.64844 
0.33156, 0.98438, -5.38281, 0.03125 
0.33188, -1.57812, -1.62500, 1.50000 
0.33219, 2.04688, 4.32031, 1.38281 
0.33250, -0.22656, 6.49219, 1.43750 
0.33281, -0.27344, 8.36719, 1.42188 
0.33313, 1.09375, 4.46094, 1.46094 
0.33344, -0.12500, 0.09375, 1.60938 
0.33375, -0.12500, 0.09375, 1.60938 
0.33406, 0.07812, -5.54688, 0.31250 
0.33438, 0.17188, -7.71875, 0.11719 
0.33469, -0.53906, -7.25000, 0.07812 
0.33500, -0.27344, -3.39844, 0.54688 
0.33531, -0.41406, 2.79688, 1.60938 
0.33563, -0.05469, 6.19531, 1.07031 
0.33594, 0.77344, 8.32031, 1.00000 
0.33625, -0.44531, 5.85938, 2.58594 
0.33656, 0.48438, 1.14844, 1.36719 
0.33687, -0.06250, -4.08594, 0.67188 
0.33719, 0.50781, -7.42969, -0.52344 
0.33750, 0.55469, -7.81250, 0.06250 
0.33781, 0.82812, -4.01562, 0.86719 
0.33813, -0.16406, 1.00000, 1.77344 
0.33844, -0.84375, 5.54688, 1.78125 
0.33875, 0.58594, 7.73438, 0.25000 
0.33906, -0.85156, 6.82031, 2.00781 
0.33937, 0.46094, 2.42969, 1.04688 
0.33969, -0.38281, -2.45312, 1.46094 
0.34000, 0.79688, -6.62500, -0.19531 
0.34031, 0.11719, -7.70312, 0.36719 
0.34063, 0.25781, -4.56250, 0.08594 
0.34094, 0.11719, -0.72656, 1.13281 
0.34125, -0.68750, 4.86719, 1.64844 
0.34156, 0.23438, 7.24219, 0.81250 
0.34187, 0.00000, 7.43750, 1.55469 
0.34219, 0.11719, 3.44531, 1.69531 
0.34250, -0.03906, -1.39062, 1.13281 
0.34281, 0.57031, -6.32812, 0.13281 
0.34313, -0.28125, -8.00000, 0.42969 
0.34344, 0.60156, -6.22656, 0.00781 
0.34375, 0.04688, -2.31250, 0.82031 
0.34406, 0.14062, 3.85938, 1.29688 
0.34437, -0.22656, 6.75781, 1.66406 
0.34469, -0.08594, 8.32812, 1.45312 
0.34500, -0.10156, 4.99219, 2.10156 
0.34531, -0.10156, 4.99219, 2.10156 
0.34563, 0.03125, 0.14844, 0.67969 
0.34594, 0.52344, -5.33594, -0.02344 
0.34625, 0.27344, -7.65625, -0.22656 
0.34656, 0.61719, -7.40625, 1.00000 
0.34687, -0.33594, -3.50000, 1.20312 
0.34719, 0.23438, 2.26562, 0.96875 
0.34750, -0.11719, 5.99219, 1.04688 
0.34781, -0.10156, 8.25781, 1.11719 
0.34813, -0.25000, 6.18750, 2.29688 
0.34844, 0.14062, 1.67188, 1.50000 
0.34875, 0.06250, -3.32031, 0.68750 
0.34906, 0.35156, -6.97656, -0.31250 
0.34937, 1.00000, -7.79688, 0.11719 
0.34969, -0.07812, -4.10938, 1.21094 
0.35000, -0.03906, 0.44531, 1.46094 
0.35031, -0.34375, 5.35938, 1.48438 
0.35063, 0.17188, 7.80469, 0.59375 
0.35094, -0.20312, 6.97656, 1.74219 
0.35125, 0.22656, 2.98438, 1.69531 
0.35156, -0.35938, -2.14062, 1.26562 
0.35187, 1.28906, -6.52344, -0.57812 
0.35219, 0.22656, -7.96875, 0.18750 
0.35250, -0.25000, -4.95312, 1.04688 
0.35281, 0.63281, -1.21094, 0.61719 
0.35313, -0.74219, 4.77344, 1.77344 
0.35344, 0.10938, 7.04688, 0.75000 
0.35375, -0.25000, 7.71094, 1.65625 
0.35406, 0.10156, 3.86719, 1.71094 
0.35437, -0.18750, -1.00781, 1.33594 
0.35469, 0.89062, -6.06250, -0.35938 
0.35500, -0.75781, -8.17969, 0.10156 
0.35531, 1.07031, -6.50781, 0.11719 
0.35563, -1.04688, -2.60938, 1.55469 
0.35594, 0.62500, 3.57812, 0.69531 
0.35625, -0.17188, 6.53906, 1.31250 
0.35656, 0.02344, 8.21875, 1.36719 
0.35687, -0.28125, 5.35938, 2.48438 
0.35719, -0.28125, 5.35938, 2.48438 
0.35750, 0.46875, 0.50000, 1.10938 
0.35781, 0.01562, -4.78906, 0.28125 
0.35813, 0.38281, -7.52344, -0.62500 
0.35844, -0.50000, -7.73438, 0.32812 
0.35875, -0.32812, -3.71094, 0.80469 
0.35906, -0.96875, 1.66406, 1.92969 
0.35938, 0.28125, 5.81250, 0.60156 
0.35969, 0.45312, 8.07031, 0.83594 
0.36000, -0.32031, 6.35156, 2.47656 
0.36031, 0.28906, 2.08594, 1.79688 
0.36063, -0.05469, -3.10156, 0.87500 
0.36094, 0.61719, -6.82031, -0.50781 
0.36125, 1.21875, -7.89844, -0.41406 
0.36156, 0.47656, -4.57812, 0.67188 
0.36188, -2.53125, 0.00000, 2.21875 
0.36219, 0.92969, 5.12500, 0.42188 
0.36250, -0.95312, 7.66406, 1.04688 
0.36281, -0.12500, 7.36719, 1.43750 
0.36313, -0.15625, 3.13281, 2.15625 
0.36344, 0.21094, -1.63281, 0.96875 
0.36375, 0.17969, -6.57812, 0.25781 
0.36406, 1.04688, -7.80469, -0.78906 
0.36438, 0.75000, -5.35156, 0.76562 
0.36469, 0.79688, -1.72656, 1.11719 
0.36500, -1.67188, 4.49219, 2.49219 
0.36531, 0.90625, 6.52344, 0.11719 
0.36563, -1.13281, 8.14844, 1.75000 
0.36594, 0.50781, 4.26562, 1.10156 
0.36625, -0.41406, -0.39844, 1.88281 
0.36656, 0.40625, -5.67188, 0.11719 
0.36688, 0.17188, -7.80469, 0.21094 
0.36719, 0.49219, -6.74219, 0.03125 
0.36750, 0.40625, -2.95312, 1.25000 
0.36781, 0.78906, 2.92969, 0.96875 
0.36812, -0.75781, 6.68750, 1.83594 
0.36844, 0.79688, 8.32812, 0.68750 
0.36875, -0.57812, 5.85938, 2.39844 
0.36906, -0.57812, 5.85938, 2.39844 
0.36938, 0.15625, 0.99219, 1.07031 
0.36969, -0.24219, -4.30469, 0.71094 
0.37000, 0.49219, -7.25000, -0.65625 
0.37031, 0.50781, -7.71875, 0.40625 
0.37062, 0.34375, -3.82812, 0.75000 
0.37094, 0.26562, 1.25781, 1.42188 
0.37125, -0.50000, 5.63281, 1.82031 
0.37156, -0.24219, 7.85938, 1.20312 
0.37188, 0.27344, 6.62500, 1.35156 
0.37219, -0.32031, 2.35156, 1.47656 
0.37250, 0.36719, -2.67188, 0.49219 
0.37281, 0.55469, -6.64844, 0.03906 
0.37312, 0.17188, -7.86719, 0.46875 
0.37344, 0.34375, -4.50000, 0.92188 
0.37375, -0.06250, -0.62500, 0.88281 
0.37406, -0.19531, 4.85938, 1.52344 
0.37438, 0.15625, 7.10938, 0.75781 
0.37469, -0.36719, 7.55469, 1.91406 
0.37500, 0.56250, 3.46875, 1.59375 
0.37531, -0.07031, -1.39062, 1.39844 
0.37562, 0.70312, -6.41406, -0.12500 
0.37594, 0.00000, -8.05469, 0.44531 
0.37625, 0.24219, -5.95312, 0.55469 
0.37656, 0.10938, -2.25000, 0.66406 
0.37688, 0.28906, 4.12500, 1.03906 
0.37719, -0.30469, 6.77344, 1.38281 
0.37750, 0.20312, 8.27344, 1.52344 
0.37781, -0.41406, 4.75000, 2.33594 
0.37812, 0.29688, -0.10938, 1.08594 
0.37844, -0.10938, -5.49219, 0.10156 
0.37875, 0.61719, -7.84375, -0.57812 
0.37906, 0.53125, -7.18750, 0.53906 
0.37938, -0.21875, -3.28125, 1.42188 
0.37969, 0.04688, 2.56250, 1.39844 
0.38000, -0.25000, 6.21094, 1.01562 
0.38031, 0.16406, 8.28125, 0.85938 
0.38062, -0.25000, 6.09375, 2.13281 
0.38094, 0.02344, 1.53906, 1.49219 
0.38125, 0.02344, 1.53906, 1.49219 
0.38156, 0.50000, -3.57031, 0.61719 
0.38188, 0.46875, -6.92188, -0.35938 
0.38219, 0.44531, -7.67188, 0.47656 
0.38250, 0.49219, -4.16406, 0.57812 
0.38281, -0.50781, 0.64844, 1.51562 
0.38312, -0.03906, 5.31250, 1.14844 
0.38344, -0.14062, 7.85938, 1.02344 
0.38375, -0.17969, 6.97656, 1.75781 
0.38406, -0.06250, 2.80469, 1.72656 
0.38438, 0.05469, -2.21094, 0.90625 
0.38469, 0.50781, -6.60156, -0.11719 
0.38500, 0.96094, -7.97656, -0.13281 
0.38531, 0.30469, -5.07031, 0.58594 
0.38562, -1.78906, -0.97656, 1.68750 
0.38594, 0.78125, 4.75000, 0.50000 
0.38625, -0.84375, 7.27344, 1.13281 
0.38656, 0.01562, 7.78125, 1.24219 
0.38688, -0.04688, 3.75000, 2.29688 
0.38719, 0.03125, -1.07031, 1.09375 
0.38750, 0.35156, -6.19531, 0.21094 
0.38781, 1.24219, -7.95312, -0.81250 
0.38812, 0.50000, -6.43750, 0.61719 
0.38844, -1.91406, -2.26562, 1.64844 
0.38875, 1.07812, 3.77344, 0.58594 
0.38906, -1.20312, 6.64062, 1.26562 
0.38938, 0.05469, 8.25781, 0.87500 
0.38969, -0.28125, 5.20312, 2.25000 
0.39000, 0.29688, 0.46875, 1.22656 
0.39031, -0.06250, -4.89844, 0.66406 
0.39062, 1.33594, -7.35938, -0.85156 
0.39094, 0.47656, -7.22656, 1.12500 
0.39125, 0.54688, -3.39062, 1.20312 
0.39156, 0.80469, 1.81250, 1.21875 
0.39188, -1.05469, 6.03125, 1.64844 
0.39219, 0.74219, 8.13281, 0.40625 
0.39250, -0.51562, 6.46094, 2.42188 
0.39281, -0.03125, 2.06250, 1.49219 
0.39313, -0.42969, -3.21875, 0.92969 
0.39344, -0.42969, -3.21875, 0.92969 
0.39375, 1.30469, -6.69531, -1.03125 
0.39406, -0.13281, -7.81250, 0.74219 
0.39438, 1.22656, -4.29688, 0.31250 
0.39469, -0.35156, 0.06250, 1.50000 
0.39500, -2.15625, 5.25781, 2.06250 
0.39531, 0.54688, 7.61719, -0.11719 
0.39563, -0.42188, 7.03906, 1.71094 
0.39594, -0.07031, 2.83594, 1.61719 
0.39625, -0.13281, -2.16406, 1.49219 
0.39656, 1.04688, -6.64062, -0.17188 
0.39688, 0.42969, -7.96094, 0.27344 
0.39719, 1.28125, -5.21875, -0.05469 
0.39750, -1.58594, -1.25000, 1.75781 
0.39781, 0.75781, 4.46094, 0.57812 
0.39813, -1.02344, 7.06250, 1.50000 
0.39844, 0.31250, 7.78906, 1.06250 
0.39875, -0.30469, 4.15625, 2.42188 
0.39906, 0.21875, -0.74219, 0.92188 
0.39938, 0.24219, -5.89062, 0.48438 
0.39969, 0.47656, -7.76562, -0.59375 
0.40000, 0.42969, -6.75000, 0.48438 
0.40031, 0.22656, -2.76562, 0.77344 
0.40063, -0.81250, 3.25000, 1.67969 
0.40094, 0.36719, 6.42188, 1.26562 
0.40125, -0.07031, 8.52344, 1.32812 
0.40156, -0.25781, 5.75000, 1.75000 
0.40187, 0.90625, 1.07812, 0.84375 
0.40219, -0.10156, -4.40625, 1.02344 
0.40250, 0.49219, -7.22656, -0.02344 
0.40281, 0.55469, -7.63281, 0.56250 
0.40313, -0.14062, -4.07812, 0.45312 
0.40344, 0.03125, 1.45312, 1.00000 
0.40375, -0.72656, 5.73438, 1.61719 
0.40406, 0.07812, 8.32031, 0.89844 
0.40437, -0.05469, 6.71094, 1.91406 
0.40469, 0.04688, 2.19531, 1.46094 
0.40500, 0.36719, -2.73438, 0.71875 
0.40531, 0.36719, -2.73438, 0.71875 
0.40563, 0.50000, -6.82031, -0.23438 
0.40594, 0.16406, -7.73438, 0.50781 
0.40625, 0.19531, -4.39062, 0.46875 
0.40656, 0.17188, -0.20312, 0.89844 
0.40687, -0.08594, 5.10938, 1.35156 
0.40719, -0.07812, 7.58594, 1.29688 
0.40750, -0.32031, 7.35938, 1.93750 
0.40781, -0.10938, 3.17188, 1.88281 
0.40813, -0.08594, -1.64062, 0.52344 
0.40844, 0.88281, -6.48438, -0.57031 
0.40875, 0.16406, -8.00000, 0.01562 
0.40906, 0.16406, -5.64844, 1.25000 
0.40937, 0.12500, -1.94531, 1.03125 
0.40969, -0.21094, 4.21875, 1.28125 
0.41000, 0.14062, 6.67969, 0.71875 
0.41031, -0.09375, 7.93750, 1.55469 
0.41063, -0.12500, 4.50000, 2.20312 
0.41094, 0.32812, -0.34375, 1.40625 
0.41125, 0.10156, -5.57812, -0.02344 
0.41156, 0.59375, -7.94531, -0.19531 
0.41187, 0.59375, -7.15625, 0.58594 
0.41219, -0.42188, -3.16406, 1.15625 
0.41250, 0.60156, 2.82031, 1.32812 
0.41281, -0.55469, 6.30469, 1.53906 
0.41313, 0.25000, 8.25000, 0.71094 
0.41344, -0.27344, 5.93750, 2.00781 
0.41375, 0.20312, 1.27344, 1.36719 
0.41406, -0.27344, -3.97656, 0.75000 
0.41437, 0.79688, -7.21094, -0.71094 
0.41469, 0.72656, -7.70312, 0.25781 
0.41500, -1.14062, -3.92969, 1.27344 
0.41531, 0.54688, 0.96875, 0.65625 
0.41563, -0.62500, 5.50781, 1.60938 
0.41594, -0.19531, 7.90625, 0.82031 
0.41625, 0.00000, 6.95312, 2.01562 
0.41656, 0.00000, 6.95312, 2.01562 
0.41687, 0.32031, 2.71875, 1.37500 
0.41719, -0.41406, -2.23438, 1.15625 
0.41750, 1.28125, -6.50781, -0.68750 
0.41781, -0.64844, -8.03125, 0.24219 
0.41813, 0.13281, -4.88281, 0.31250 
0.41844, -1.32812, -0.98438, 1.75781 
0.41875, 0.53906, 4.75781, 0.46875 
0.41906, -0.08594, 7.21094, 0.93750 
0.41937, -0.07812, 7.58594, 1.88281 
0.41969, 0.25781, 3.60938, 2.25000 
0.42000, -0.03125, -1.39062, 1.07812 
0.42031, 0.57031, -6.42188, -0.06250 
0.42063, 1.03125, -8.05469, -0.41406 
0.42094, 1.14844, -6.12500, 1.00781 
0.42125, -1.02344, -2.03125, 1.66406 
0.42156, 1.00000, 3.83594, 0.63281 
0.42188, -1.25781, 6.92969, 1.35156 
0.42219, 0.57031, 8.25000, 0.76562 
0.42250, -0.74219, 5.04688, 2.68750 
0.42281, 0.32031, 0.35156, 1.10156 
0.42313, -0.16406, -5.07031, 0.73438 
0.42344, 1.10156, -7.32812, -0.89844 
0.42375, 0.61719, -7.32812, 0.72656 
0.42406, 0.02344, -3.36719, 1.25781 
0.42438, 0.55469, 2.28125, 2.16406 
0.42469, 0.48438, 5.60156, 0.78125 
0.42500, -0.80469, 8.64844, 1.27344 
0.42531, 0.98438, 6.21875, 1.03125 
0.42563, -0.63281, 2.07031, 2.18750 
0.42594, 0.16406, -3.13281, 0.82031 
0.42625, 0.21094, -6.79688, 0.00000 
0.42656, -0.30469, -7.61719, -0.35938 
0.42688, 0.45312, -4.46094, 0.75000 
0.42719, 0.28125, 0.03906, 1.17969 
0.42750, -0.50000, 5.39062, 1.77344 
0.42781, 1.00000, 7.63281, 0.62500 
0.42813, 1.00000, 7.63281, 0.62500 
0.42844, 0.35156, 2.81250, 1.44531 
0.42875, -0.67188, -2.17188, 1.37500 
0.42906, -0.67188, -2.17188, 1.37500 
0.42938, 1.03906, -6.68750, -0.50000 
0.42969, -0.19531, -8.10938, 0.14844 
0.43000, 0.74219, -5.12500, 0.50781 
0.43031, -0.00781, -1.44531, 1.17969 
0.43063, 0.05469, 4.49219, 1.39062 
0.43094, -1.50781, 6.88281, 1.67969 
0.43125, 0.82812, 7.44531, 0.44531 
0.43156, -0.44531, 3.87500, 1.87500 
0.43188, 0.30469, -1.03906, 1.06250 
0.43219, 0.40625, -6.01562, 0.44531 
0.43250, 0.32031, -7.91406, 0.12500 
0.43281, 0.46094, -6.68750, 0.75000 
0.43312, -0.03125, -2.78906, 0.53906 
0.43344, 0.08594, 3.29688, 1.68750 
0.43375, -0.14062, 6.28125, 1.15625 
0.43406, -0.11719, 8.43750, 1.19531 
0.43438, 0.14062, 5.58594, 1.64062 
0.43469, 0.19531, 0.96875, 1.48438 
0.43500, -0.15625, -4.47656, 0.46094 
0.43531, 0.50000, -7.49219, 0.03125 
0.43562, 0.34375, -7.58594, 0.37500 
0.43594, -0.03125, -3.92969, 0.50000 
0.43625, 0.37500, 1.64844, 1.00000 
0.43656, -0.32812, 5.68750, 1.70312 
0.43688, -0.04688, 8.21875, 1.17188 
0.43719, -0.20312, 6.69531, 2.30469 
0.43750, -0.03906, 2.23438, 1.41406 
0.43781, 0.09375, -2.71875, 0.28906 
0.43812, 0.92188, -6.78125, -0.50000 
0.43844, 0.17969, -7.79688, 0.49219 
0.43875, -0.18750, -4.19531, 1.39062 
0.43906, 0.25781, -0.31250, 0.91406 
0.43938, -0.44531, 5.19531, 1.23438 
0.43969, 0.21875, 7.30469, 0.57812 
0.44000, -0.21875, 7.25000, 2.25781 
0.44031, 0.12500, 3.18750, 1.98438 
0.44062, 0.00000, -1.75000, 1.23438 
0.44094, 0.00000, -1.75000, 1.23438 
0.44125, 1.00000, -6.40625, -0.46094 
0.44156, -0.30469, -8.13281, 0.28906 
0.44188, 0.64844, -5.62500, 0.25781 
0.44219, -0.34375, -1.77344, 1.52344 
0.44250, 0.16406, 4.21094, 1.24219 
0.44281, -0.17969, 6.86719, 1.00000 
0.44312, 0.12500, 8.03125, 1.15625 
0.44344, -0.19531, 4.52344, 2.17969 
0.44375, 0.14062, -0.34375, 1.28906 
0.44406, 0.32031, -5.71875, 0.35938 
0.44438, -0.39844, -7.82031, -0.35156 
0.44469, 1.00781, -7.22656, 0.15625 
0.44500, -0.78906, -3.28906, 1.41406 
0.44531, 0.25000, 2.85938, 0.93750 
0.44562, 0.06250, 6.21875, 1.14844 
0.44594, -0.09375, 8.51562, 1.19531 
0.44625, -0.20312, 5.90625, 2.13281 
0.44656, 0.37500, 1.23438, 1.21094 
0.44688, -0.11719, -3.93750, 0.67188 
0.44719, 0.68750, -7.15625, -0.58594 
0.44750, 0.09375, -7.44531, 0.77344 
0.44781, 0.90625, -3.80469, 1.17969 
0.44812, 0.56250, 0.78906, 1.04688 
0.44844, -0.87500, 5.75781, 1.53125 
0.44875, 1.12500, 7.74219, 0.47656 
0.44906, -0.60156, 6.71094, 2.57812 
0.44938, 0.24219, 2.41406, 1.50781 
0.44969, -0.35156, -2.47656, 1.09375 
0.45000, 1.10156, -6.50000, -0.75000 
0.45031, -0.08594, -8.07031, 0.06250 
0.45062, 0.50000, -4.81250, 0.19531 
0.45094, -2.35938, -0.82031, 2.11719 
0.45125, 0.80469, 4.73438, 0.37500 
0.45156, -0.64062, 7.10938, 0.96094 
0.45188, 0.14844, 7.50781, 1.28906 
0.45219, -0.24219, 3.54688, 2.50000 
0.45250, -0.24219, 3.54688, 2.50000 
0.45281, 0.37500, -1.25781, 1.05469 
0.45312, 0.25000, -6.34375, 0.19531 
0.45344, 0.69531, -7.97656, -0.50781 
0.45375, 0.48438, -6.14062, 0.64062 
0.45406, -0.32031, -2.35156, 0.81250 
0.45438, -1.79688, 4.05469, 2.40625 
0.45469, 0.52344, 6.41406, 0.05469 
0.45500, -0.28906, 8.03906, 0.96094 
0.45531, -0.19531, 4.80469, 1.75781 
0.45563, 0.20312, 0.00000, 1.89062 
0.45594, 0.33594, -5.13281, 0.46094 
0.45625, 0.00000, -7.78125, 0.09375 
0.45656, 1.00781, -7.25000, -0.46094 
0.45688, 0.03906, -3.52344, 0.84375 
0.45719, -1.47656, 2.29688, 1.99219 
0.45750, 0.39062, 6.00000, 0.90625 
0.45781, -0.25781, 8.11719, 0.82031 
0.45813, -0.43750, 6.32812, 1.78125 
0.45844, 0.46094, 1.71875, 1.41406 
0.45875, -0.17188, -3.26562, 1.07031 
0.45906, 0.46094, -6.89062, -0.10938 
0.45938, 0.89062, -7.59375, -0.21094 
0.45969, 0.16406, -4.10938, 0.79688 
0.46000, -0.67188, 0.25000, 1.10156 
0.46031, 0.13281, 5.36719, 1.51562 
0.46063, -0.90625, 7.82031, 1.25000 
0.46094, 0.06250, 7.23438, 1.40625 
0.46125, 0.54688, 3.06250, 1.13281 
0.46156, -0.42188, -2.09375, 1.39844 
0.46188, 0.85938, -6.42188, 0.17969 
0.46219, 0.12500, -8.00000, 0.45312 
0.46250, 0.53125, -5.00781, 0.46875 
0.46281, 0.24219, -1.30469, 0.78906 
0.46313, -0.21875, 4.62500, 1.55469 
0.46344, 0.05469, 7.01562, 0.85938 
0.46375, -0.39062, 7.75781, 1.73438 
0.46406, -0.39062, 7.75781, 1.73438 
0.46437, 0.25000, 3.72656, 1.54688 
0.46469, 0.00000, -0.98438, 1.30469 
0.46500, 0.24219, -6.14844, 0.05469 
0.46531, 0.32812, -7.83594, 0.31250 
0.46563, 0.18750, -6.59375, 0.50000 
0.46594, 0.05469, -2.78906, 0.65625 
0.46625, 0.25781, 3.43750, 1.08594 
0.46656, -0.21875, 6.50000, 1.36719 
0.46687, -0.09375, 8.42969, 1.38281 
0.46719, -0.19531, 5.49219, 2.21875 
0.46750, 0.10156, 0.71094, 1.01562 
0.46781, 0.46094, -4.70312, 0.02344 
0.46813, 0.48438, -7.44531, -0.36719 
0.46844, 0.60938, -7.51562, 0.89844 
0.46875, -0.32031, -3.82812, 1.32031 
0.46906, 0.10156, 1.75781, 1.06250 
0.46937, -0.03906, 5.83594, 0.99219 
0.46969, -0.15625, 8.25000, 0.86719 
0.47000, -0.07031, 6.53125, 2.10938 
0.47031, 0.00000, 2.15625, 1.71875 
0.47063, -0.46875, -2.96094, 0.75000 
0.47094, 1.00781, -6.77344, -0.74219 
0.47125, 0.06250, -7.89062, 0.58594 
0.47156, 0.32812, -4.38281, 0.69531 
0.47187, 0.14062, 0.05469, 1.41406 
0.47219, -0.44531, 5.08594, 1.62500 
0.47250, 0.05469, 7.61719, 0.62500 
0.47281, 0.08594, 7.03125, 1.52344 
0.47313, -0.03125, 3.06250, 1.80469 
0.47344, -0.28125, -1.89844, 1.15625 
0.47375, 1.31250, -6.53125, -0.20312 
0.47406, -0.39062, -7.76562, 0.42188 
0.47437, 0.83594, -5.16406, 0.78125 
0.47469, 0.48438, -1.64844, 0.85938 
0.47500, -0.53906, 4.42969, 1.72656 
0.47531, 0.34375, 6.67188, 0.69531 
0.47563, -0.19531, 7.77344, 1.57031 
0.47594, -0.21094, 4.15625, 1.85156 
0.47625, 0.05469, -0.57812, 1.18750 
0.47656, 0.05469, -0.57812, 1.18750 
0.47687, 0.50000, -5.73438, -0.02344 
0.47719, 0.68750, -7.94531, -0.03906 
0.47750, 1.28125, -6.96875, 0.55469 
0.47781, -1.57812, -2.85938, 1.59375 
0.47813, 1.21094, 3.01562, 0.33594 
0.47844, -1.39844, 6.53906, 1.54688 
0.47875, 0.67188, 8.42969, 0.62500 
0.47906, -0.81250, 5.92188, 2.78906 
0.47937, 0.49219, 1.03906, 1.18750 
0.47969, -0.06250, -4.35938, 0.80469 
0.48000, 0.87500, -7.20312, -0.91406 
0.48031, -1.21875, -7.85156, 0.52344 
0.48063, 0.93750, -3.83594, 0.57031 
0.48094, -0.57812, 1.06250, 2.00781 
0.48125, 0.05469, 5.68750, 0.80469 
0.48156, 0.60156, 7.96875, 0.66406 
0.48187, -0.14062, 6.49219, 2.31250 
0.48219, -0.17969, 2.35938, 1.82812 
0.48250, -0.01562, -2.77344, 0.96094 
0.48281, 0.71094, -6.53125, -0.41406 
0.48313, 0.25000, -7.73438, -0.08594 
0.48344, -0.61719, -4.68750, 0.50000 
0.48375, -0.07812, -0.68750, 1.18750 
0.48406, -1.19531, 4.84375, 2.03125 
0.48438, 0.39844, 7.38281, 0.31250 
0.48469, 0.31250, 7.35156, 1.41406 
0.48500, -0.15625, 3.28906, 2.05469 
0.48531, 0.18750, -1.65625, 1.62500 
0.48563, 0.81250, -6.50000, 0.19531 
0.48594, 0.71875, -8.10938, -0.07812 
0.48625, 0.75000, -5.92188, 0.26562 
0.48656, -0.51562, -2.00000, 1.35938 
0.48688, 0.27344, 3.92188, 1.06250 
0.48719, -0.87500, 6.96094, 1.53906 
0.48750, 0.50781, 8.15625, 0.89062 
0.48781, -0.27344, 4.84375, 2.29688 
0.48813, -0.27344, 4.84375, 2.29688 
0.48844, 0.00781, -0.21875, 1.22656 
0.48875, 0.37500, -5.41406, 0.46875 
0.48906, 0.28906, -7.69531, -0.38281 
0.48938, 0.71875, -7.24219, 0.42188 
0.48969, 0.30469, -3.21875, 0.93750 
0.49000, -0.31250, 2.62500, 1.71875 
0.49031, 0.03906, 6.15625, 1.68750 
0.49063, 0.28906, 8.25000, 0.74219 
0.49094, -0.70312, 6.16406, 1.88281 
0.49125, 1.05469, 1.53906, 0.85938 
0.49156, -0.40625, -3.52344, 1.22656 
0.49188, 0.67188, -6.87500, -0.28125 
0.49219, 0.27344, -7.55469, 0.82031 
0.49250, 0.14844, -4.11719, 0.24219 
0.49281, -0.08594, 0.67969, 1.06250 
0.49313, -0.79688, 5.30469, 1.65625 
0.49344, 0.13281, 7.80469, 0.71094 
0.49375, 0.04688, 6.98438, 1.74219 
0.49406, 0.16406, 2.72656, 1.59375 
0.49438, -0.04688, -2.22656, 1.06250 
0.49469, 0.76562, -6.68750, -0.21875 
0.49500, -0.06250, -7.97656, 0.69531 
0.49531, 0.46094, -4.86719, 0.32031 
0.49563, 0.08594, -0.89062, 0.93750 
0.49594, 0.14062, 4.82031, 1.25781 
0.49625, -0.30469, 7.11719, 1.31250 
0.49656, -0.10938, 7.51562, 1.60156 
0.49688, -0.32812, 3.55469, 2.16406 
0.49719, 0.24219, -1.23438, 0.60938 
0.49750, 0.62500, -6.34375, -0.20312 
0.49781, 0.30469, -8.01562, 0.03125 
0.49812, 0.24219, -6.33594, 1.14844 
0.49844, -0.06250, -2.45312, 1.10938 
0.49875, -0.07812, 3.74219, 1.17969 
0.49906, -0.01562, 6.45312, 0.64844 
0.49938, 0.12500, 8.14844, 1.25781 
0.49969, -0.32031, 5.11719, 2.46875 
0.50000, -0.32031, 5.11719, 2.46875 
0.50031, 0.41406, 0.39844, 1.32812 
0.50062, 0.11719, -5.01562, 0.25781 
0.50094, 0.50000, -7.68750, -0.25000 
0.50125, 0.85938, -7.42969, 0.30469 
0.50156, -0.51562, -3.58594, 1.25000 
0.50187, 0.49219, 2.04688, 1.27344 
0.50219, -0.53906, 6.07031, 1.34375 
0.50250, 0.19531, 8.28125, 0.61719 
0.50281, -0.11719, 6.28125, 2.02344 
0.50313, 0.10938, 1.87500, 1.52344 
0.50344, -0.07031, -3.39062, 1.00000 
0.50375, 1.43750, -6.88281, -0.50000 
0.50406, 0.66406, -7.67969, 0.40625 
0.50438, -0.42188, -4.14062, 1.23438 
0.50469, 0.82812, 0.26562, 0.66406 
0.50500, -1.10938, 5.29688, 1.74219 
0.50531, 0.33594, 7.75000, 0.43750 
0.50562, -0.39062, 7.10156, 2.17188 
0.50594, 0.11719, 2.91406, 1.46094 
0.50625, -0.32812, -2.02344, 1.28906 
0.50656, 1.29688, -6.47656, -0.43750 
0.50687, -1.57031, -7.99219, 0.35938 
0.50719, 1.52344, -5.10156, 0.40625 
0.50750, -0.32812, -1.60156, 1.49219 
0.50781, -0.01562, 4.63281, 1.09375 
0.50813, 0.60156, 6.84375, 0.75000 
0.50844, -0.21875, 7.67969, 1.93750 
0.50875, -0.02344, 3.89844, 2.01562 
0.50906, 0.07812, -1.03906, 1.15625 
0.50938, 0.50000, -6.07031, -0.18750 
0.50969, 0.25000, -8.10156, -0.08594 
0.51000, -0.19531, -6.43750, 0.97656 
0.51031, 1.21094, -2.60156, 1.48438 
0.51062, 0.71094, 3.20312, 1.26562 
0.51094, -0.69531, 6.85156, 1.35156 
0.51125, 1.25000, 8.20312, 0.32812 
0.51156, 1.25000, 8.20312, 0.32812 
0.51187, -0.85156, 5.46875, 2.66406 
0.51219, 0.28125, 0.57812, 1.35156 
0.51250, -0.08594, -4.83594, 0.72656 
0.51281, 0.80469, -7.40625, -0.84375 
0.51313, 0.14062, -7.87500, 0.35156 
0.51344, 0.17188, -3.81250, 0.41406 
0.51375, -2.13281, 1.78125, 2.42188 
0.51406, 0.56250, 5.74219, 0.54688 
0.51438, -0.31250, 8.17188, 0.72656 
0.51469, -0.06250, 6.43750, 1.64062 
0.51500, 0.00000, 2.10156, 1.92969 
0.51531, 0.23438, -2.82812, 0.83594 
0.51562, 0.36719, -6.88281, -0.05469 
0.51594, 0.87500, -7.65625, -0.36719 
0.51625, 0.67188, -4.31250, 0.85938 
0.51656, -0.20312, -0.17969, 1.56250 
0.51687, -0.39844, 5.10156, 2.14062 
0.51719, 0.53906, 7.27344, 0.17969 
0.51750, -0.82031, 7.56250, 1.87500 
0.51781, 1.05469, 3.16406, 0.85938 
0.51813, -0.63281, -1.61719, 1.90625 
0.51844, 0.82812, -6.46094, -0.01562 
0.51875, 0.17188, -8.03125, 0.52344 
0.51906, 1.21875, -5.35938, 0.00000 
0.51938, -1.44531, -1.65625, 1.43750 
0.51969, 1.08594, 4.49219, 0.36719 
0.52000, -1.14062, 7.12500, 1.72656 
0.52031, 0.53906, 8.06250, 1.15625 
0.52063, -0.19531, 4.47656, 2.43750 
0.52094, 0.13281, -0.58594, 1.00000 
0.52125, 0.18750, -5.78125, 0.26562 
0.52156, 0.34375, -7.78125, -0.27344 
0.52187, 0.41406, -6.92969, 0.53125 
0.52219, 0.05469, -2.83594, 0.90625 
0.52250, 0.15625, 3.09375, 1.47656 
0.52281, -0.78906, 6.35156, 1.32031 
0.52313, 0.38281, 8.27344, 1.26562 
0.52344, 0.38281, 8.27344, 1.26562 
0.52375, -0.04688, 1.03906, 1.21094 
0.52406, -0.04688, 1.03906, 1.21094 
0.52438, 0.95312, -4.14062, 0.23438 
0.52469, 0.19531, -7.11719, 0.00781 
0.52500, 0.67188, -7.50000, 0.58594 
0.52531, -0.07031, -3.97656, 1.03906 
0.52563, -0.23438, 1.07812, 0.92188 
0.52594, -0.30469, 5.55469, 1.15625 
0.52625, 0.13281, 8.21875, 0.75781 
0.52656, -0.47656, 7.00000, 2.13281 
0.52687, 0.54688, 2.57031, 1.35938 
0.52719, 0.06250, -2.51562, 1.16406 
0.52750, 0.57812, -6.69531, -0.22656 
0.52781, 0.32812, -7.92969, 0.53906 
0.52812, 0.09375, -4.55469, 0.75000 
0.52844, 0.00000, -0.49219, 0.79688 
0.52875, 0.06250, 5.14844, 1.10938 
0.52906, -0.16406, 7.54688, 1.07812 
0.52938, -0.04688, 7.42188, 1.84375 
0.52969, 0.02344, 3.24219, 1.98438 
0.53000, -0.38281, -1.79688, 1.00781 
0.53031, 0.97656, -6.42969, -0.43750 
0.53063, -0.18750, -8.07812, 0.27344 
0.53094, 0.50000, -5.74219, 0.43750 
0.53125, 0.10938, -1.78906, 1.15625 
0.53156, -0.25000, 4.08594, 1.56250 
0.53187, -0.25781, 6.75781, 1.00781 
0.53219, 0.08594, 7.83594, 1.10156 
0.53250, -0.20312, 4.54688, 2.03906 
0.53281, 0.10156, -0.19531, 1.20312 
0.53312, 0.57031, -5.45312, 0.11719 
0.53344, -0.48438, -7.67969, -0.14844 
0.53375, 1.16406, -7.25000, 0.30469 
0.53406, -1.19531, -3.31250, 1.54688 
0.53438, 0.50000, 2.71094, 0.81250 
0.53469, -0.14062, 6.25781, 1.19531 
0.53500, 0.16406, 8.40625, 0.93750 
0.53531, 0.16406, 8.40625, 0.93750 
0.53563, -0.27344, 6.07031, 2.19531 
0.53594, 0.42969, 1.50000, 1.14844 
0.53625, -0.39844, -3.85156, 0.90625 
0.53656, 1.07031, -7.24219, -0.88281 
0.53687, 0.92188, -7.79688, 0.53906 
0.53719, -1.55469, -3.93750, 1.42188 
0.53750, 1.01562, 1.04688, 0.60938 
0.53781, -1.15625, 5.61719, 1.64844 
0.53812, 0.18750, 7.99219, 0.57031 
0.53844, -0.32812, 6.82031, 2.19531 
0.53875, 0.46094, 2.51562, 1.51562 
0.53906, -0.44531, -2.46875, 1.30469 
0.53938, 1.48438, -6.62500, -0.80469 
0.53969, 0.01562, -7.83594, 0.59375 
0.54000, -1.66406, -4.71875, 0.74219 
0.54031, 1.34375, -0.70312, 1.24219 
0.54063, -0.35938, 4.61719, 1.64062 
0.54094, -0.03906, 7.37500, 0.64062 
0.54125, 1.17969, 7.24219, 1.03125 
0.54156, -0.19531, 3.41406, 2.64062 
0.54187, -0.03906, -1.49219, 1.33594 
0.54219, 0.82031, -6.49219, 0.12500 
0.54250, 0.53906, -8.07031, -0.37500 
0.54281, 0.20312, -6.39062, 0.24219 
0.54312, -1.44531, -2.10156, 1.43750 
0.54344, 0.42188, 3.75000, 0.83594 
0.54375, -0.75000, 6.75000, 1.15625 
0.54406, 0.03125, 8.35156, 1.03906 
0.54438, 0.14844, 5.05469, 2.28906 
0.54469, -0.21875, 0.29688, 1.35938 
0.54500, 0.42188, -5.32031, 0.56250 
0.54531, 0.66406, -7.45312, -0.67969 
0.54563, 0.56250, -7.44531, 0.53125 
0.54594, 0.65625, -3.39844, 0.77344 
0.54625, 0.19531, 2.32031, 1.88281 
0.54656, -0.92969, 5.88281, 1.75000 
0.54688, 0.80469, 8.26562, 0.32031 
0.54719, -0.92969, 6.18750, 2.01562 
0.54750, -0.92969, 6.18750, 2.01562 
0.54781, 0.53125, 1.70312, 0.89062 
0.54812, -0.22656, -3.35938, 1.36719 
0.54844, 0.39844, -6.93750, -0.22656 
0.54875, 0.35938, -7.58594, 0.33594 
0.54906, 0.54688, -4.29688, 0.00000 
0.54938, -1.87500, 0.48438, 1.83594 
0.54969, 0.64062, 5.37500, 0.56250 
0.55000, -0.49219, 7.85938, 1.28906 
0.55031, 0.04688, 7.21094, 1.65625 
0.55063, 0.00781, 2.84375, 1.97656 
0.55094, 0.06250, -1.96094, 0.84375 
0.55125, 0.36719, -6.60156, 0.24219 
0.55156, 0.58594, -7.93750, -0.39062 
0.55188, 0.25000, -4.90625, 0.78906 
0.55219, 0.28906, -1.21875, 0.94531 
0.55250, -0.14062, 4.80469, 1.78125 
0.55281, -0.83594, 7.04688, 1.06250 
0.55312, 0.34375, 7.75781, 1.50000 
0.55344, -0.11719, 4.00000, 1.54688 
0.55375, -0.10156, -1.09375, 1.14062 
0.55406, 1.16406, -5.95312, -0.41406 
0.55438, 0.02344, -8.01562, 0.60938 
0.55469, 0.46875, -6.42969, 0.76562 
0.55500, -0.64062, -2.59375, 1.05469 
0.55531, 0.42188, 3.60156, 1.12500 
0.55563, -0.88281, 6.56250, 1.08594 
0.55594, 0.53125, 8.42969, 0.52344 
0.55625, -0.05469, 5.49219, 1.92188 
0.55656, 0.22656, 0.60156, 1.53906 
0.55688, 0.33594, -4.84375, 0.53125 
0.55719, 0.26562, -7.61719, -0.12500 
0.55750, 0.21875, -7.63281, 0.67969 
0.55781, -0.11719, -3.75000, 0.52344 
0.55812, 0.19531, 1.84375, 1.07031 
0.55844, -0.12500, 5.82812, 1.23438 
0.55875, 0.01562, 8.24219, 1.08594 
0.55906, -0.28906, 6.45312, 2.25000 
0.55938, 0.31250, 2.10156, 1.50781 
0.55969, 0.31250, 2.10156, 1.50781 
0.56000, -0.46094, -3.14062, 0.78125 
0.56031, 1.11719, -6.82031, -0.39062 
0.56063, 0.34375, -7.71875, 0.28125 
0.56094, -0.01562, -4.25000, 0.77344 
0.56125, 0.33594, 0.15625, 1.10938 
0.56156, -0.38281, 5.12500, 1.53125 
0.56188, -0.15625, 7.71094, 0.75781 
0.56219, -0.11719, 7.09375, 1.85938 
0.56250, 0.09375, 3.08594, 1.64844 
0.56281, -0.57031, -2.02344, 1.00000 
0.56312, 1.27344, -6.54688, -0.36719 
0.56344, -0.61719, -8.00000, 0.50000 
0.56375, 0.58594, -5.31250, 0.24219 
0.56406, 0.04688, -1.50000, 1.19531 
0.56437, -0.32031, 4.39844, 1.57031 
0.56469, 0.00000, 6.91406, 0.75000 
0.56500, 0.10156, 7.87500, 1.28125 
0.56531, -0.03125, 4.01562, 1.87500 
0.56563, 0.00000, -0.65625, 1.25781 
0.56594, 0.50000, -5.85156, 0.29688 
0.56625, 0.11719, -7.81250, 0.05469 
0.56656, 0.82031, -6.85938, 0.40625 
0.56688, -1.10938, -2.89062, 1.25781 
0.56719, 1.38281, 3.24219, 1.60938 
0.56750, -0.24219, 6.14844, 1.13281 
0.56781, -0.16406, 8.75000, 0.96094 
0.56812, 0.87500, 5.63281, 1.35156 
0.56844, -0.29688, 1.13281, 1.96875 
0.56875, 0.18750, -4.32812, 0.79688 
0.56906, 0.09375, -7.28125, 0.05469 
0.56937, 0.79688, -7.53906, 0.00781 
0.56969, -0.35938, -4.00000, 0.59375 
0.57000, 0.98438, 1.47656, 0.81250 
0.57031, -0.71875, 5.71875, 1.87500 
0.57063, -0.96094, 8.09375, 1.57031 
0.57094, 0.88281, 6.59375, 0.83594 
0.57125, -0.44531, 2.20312, 1.50781 
0.57156, -0.44531, 2.20312, 1.50781 
0.57188, 0.30469, -2.89062, 0.54688 
0.57219, 0.58594, -6.62500, 0.56250 
0.57250, 0.35156, -7.78906, 0.42969 
0.57281, -0.22656, -4.32031, 1.02344 
0.57312, 0.53125, -0.33594, 0.14844 
0.57344, -0.63281, 4.87500, 1.56250 
0.57375, -0.12500, 7.22656, 0.73438 
0.57406, 0.05469, 7.44531, 2.17969 
0.57437, -1.10938, 3.21094, 2.46094 
0.57469, 0.93750, -1.51562, 0.10156 
0.57500, 0.64062, -6.34375, -0.35156 
0.57531, 0.42188, -8.10938, 0.29688 
0.57563, 0.11719, -5.62500, 1.50000 
0.57594, 0.25000, -2.03906, 0.96875 
0.57625, -0.41406, 4.23438, 1.50000 
0.57656, 0.28906, 6.60938, 0.13281 
0.57688, -0.36719, 7.95312, 1.32812 
0.57719, 0.40625, 4.75781, 2.20312 
0.57750, -0.97656, -0.32031, 2.32812 
0.57781, 1.17969, -5.55469, -0.74219 
0.57812, 0.20312, -7.89844, -0.22656 
0.57844, 0.62500, -7.19531, 0.37500 
0.57875, -0.34375, -2.99219, 1.73438 
0.57906, 0.07031, 2.71094, 1.55469 
0.57937, -0.51562, 6.39062, 1.24219 
0.57969, 0.30469, 8.22656, -0.03125 
0.58000, -0.15625, 6.12500, 1.96875 
0.58031, -0.76562, 1.25781, 2.13281 
0.58063, 0.82812, -4.02344, 0.53906 
0.58094, 0.25781, -6.99219, -0.22656 
0.58125, 1.02344, -7.76562, 0.07812 
0.58156, 0.00000, -3.68750, 1.05469 
0.58188, 0.16406, 0.77344, 1.34375 
0.58219, -0.67969, 5.50781, 1.75000 
0.58250, -0.50781, 7.92969, 0.41406 
0.58281, 0.64062, 6.89844, 1.85156 
0.58313, 0.64062, 6.89844, 1.85156 
0.58344, 0.14844, 3.11719, 1.28125 
0.58375, -0.50781, -2.52344, 1.39844 
0.58406, 1.57031, -6.34375, -0.42969 
0.58437, -0.14062, -7.96875, 0.87500 
0.58469, 0.75000, -4.58594, 0.36719 
0.58500, 0.44531, -0.78125, 1.31250 
0.58531, -0.63281, 4.67188, 1.39844 
0.58563, 0.22656, 7.25000, 0.40625 
0.58594, -0.45312, 7.64062, 1.74219 
0.58625, 0.35938, 3.63281, 1.57031 
0.58656, -0.21875, -1.27344, 1.67188 
0.58688, 0.54688, -6.42188, 0.04688 
0.58719, 0.00781, -7.89844, 0.24219 
0.58750, 0.17188, -6.06250, 0.24219 
0.58781, 0.26562, -2.22656, 0.66406 
0.58813, -0.17188, 4.00000, 1.19531 
0.58844, 0.04688, 6.77344, 1.39062 
0.58875, -0.20312, 8.30469, 1.64844 
0.58906, -0.01562, 4.88281, 1.96875 
0.58937, 0.25000, 0.13281, 1.04688 
0.58969, 0.46094, -5.28125, 0.22656 
0.59000, -0.01562, -7.47656, 0.00000 
0.59031, 0.71094, -7.26562, 0.67969 
0.59063, -0.21094, -3.42188, 0.85156 
0.59094, 0.06250, 2.27344, 0.95312 
0.59125, 0.17188, 5.89062, 1.09375 
0.59156, -0.28906, 8.20312, 1.38281 
0.59188, -0.15625, 6.17188, 2.21875 
0.59219, 0.14062, 1.87500, 1.36719 
0.59250, -0.25781, -3.20312, 0.39062 
0.59281, 0.87500, -6.75781, -0.64062 
0.59313, 0.60156, -7.67188, 0.56250 
0.59344, -0.17188, -4.28125, 1.00000 
0.59375, 0.38281, 0.35156, 1.09375 
0.59406, -0.49219, 5.17188, 1.52344 
0.59437, 0.00781, 7.75000, 0.60938 
0.59469, -0.17188, 7.00781, 1.82031 
0.59500, 0.14844, 2.83594, 1.73438 
0.59531, 0.14844, 2.83594, 1.73438 
0.59562, -0.38281, -2.12500, 1.03906 
0.59594, 1.33594, -6.64062, -0.49219 
0.59625, -0.59375, -8.07031, 0.66406 
0.59656, 1.07031, -5.05469, 0.22656 
0.59688, -0.50000, -1.16406, 1.50781 
0.59719, -0.08594, 4.71875, 1.48438 
0.59750, -0.24219, 6.89844, 0.92969 
0.59781, -0.03906, 7.59375, 1.03125 
0.59813, -0.08594, 3.75781, 1.85938 
0.59844, 0.08594, -0.94531, 1.19531 
0.59875, 0.41406, -6.04688, 0.30469 
0.59906, 0.13281, -7.87500, 0.11719 
0.59937, 0.87500, -6.50000, 0.42969 
0.59969, -1.36719, -2.53125, 1.32031 
0.60000, 1.64062, 3.53125, 1.50000 
0.60031, -0.35938, 6.31250, 1.10156 
0.60062, 0.00000, 8.62500, 0.85938 
0.60094, 0.79688, 5.39062, 1.53906 
0.60125, -0.07031, 0.91406, 1.85156 
0.60156, 0.19531, -4.59375, 0.79688 
0.60188, 0.11719, -7.35156, 0.06250 
0.60219, 0.77344, -7.55469, 0.03125 
0.60250, -0.18750, -3.84375, 0.64844 
0.60281, -0.63281, 1.73438, 1.23438 
0.60313, 0.42188, 5.79688, 1.67969 
0.60344, 0.23438, 8.45312, 0.85938 
0.60375, -0.53906, 6.84375, 2.06250 
0.60406, 1.28125, 2.36719, 0.75000 
0.60437, -0.53125, -2.79688, 1.59375 
0.60469, 0.76562, -6.66406, -0.04688 
0.60500, 0.27344, -7.58594, 0.53125 
0.60531, 0.44531, -4.35156, 0.33594 
0.60562, -1.04688, -0.31250, 0.75000 
0.60594, 0.39844, 5.02344, 0.88281 
0.60625, -1.88281, 7.65625, 1.89844 
0.60656, 0.63281, 7.23438, 1.19531 
0.60688, 0.30469, 3.22656, 1.54688 
0.60719, 0.30469, 3.22656, 1.54688 
0.60750, -0.04688, -1.66406, 1.14062 
0.60781, 0.75000, -6.39844, 0.25000 
0.60813, 0.55469, -7.92188, 0.14844 
0.60844, 0.55469, -5.54688, 0.82031 
0.60875, 1.03125, -1.93750, 0.61719 
0.60906, -1.31250, 4.32031, 1.92969 
0.60938, 0.60938, 6.53125, 0.07812 
0.60969, -0.91406, 8.14062, 1.87500 
0.61000, 0.24219, 4.22656, 1.55469 
0.61031, -0.46094, -0.38281, 1.87500 
0.61062, 0.43750, -5.74219, -0.13281 
0.61094, 0.18750, -7.78125, 0.17969 
0.61125, 0.78125, -6.75000, 0.25781 
0.61156, 0.00000, -2.89062, 1.61719 
0.61188, 0.89844, 3.05469, 0.82812 
0.61219, -0.80469, 6.62500, 1.48438 
0.61250, 0.79688, 8.28906, 0.42188 
0.61281, -0.56250, 5.76562, 2.51562 
0.61313, 0.02344, 1.04688, 1.36719 
0.61344, -0.07031, -4.18750, 0.73438 
0.61375, 0.57031, -7.07812, -0.75781 
0.61406, 0.60938, -7.63281, 0.28906 
0.61438, 0.25000, -3.78125, 0.88281 
0.61469, 0.19531, 1.15625, 1.61719 
0.61500, -0.53125, 5.46094, 1.76562 
0.61531, -0.50000, 7.78906, 0.95312 
0.61562, 0.43750, 6.50000, 1.04688 
0.61594, -0.25000, 2.52344, 1.49219 
0.61625, 0.18750, -2.47656, 0.80469 
0.61656, 0.65625, -6.58594, 0.16406 
0.61688, 0.17188, -7.87500, 0.53906 
0.61719, 0.17188, -4.60156, 0.69531 
0.61750, 0.17188, -0.72656, 0.62500 
0.61781, -0.11719, 4.78125, 1.39062 
0.61813, -0.89844, 7.21875, 1.43750 
0.61844, 0.45312, 7.42969, 1.24219 
0.61875, -0.16406, 3.44531, 1.78125 
0.61906, -0.16406, 3.44531, 1.78125 
0.61938, 0.13281, -1.59375, 0.90625 
0.61969, 0.69531, -6.50000, 0.22656 
0.62000, 0.11719, -8.25781, 0.37500 
0.62031, -0.19531, -5.96875, 1.07031 
0.62062, 0.53125, -2.15625, 0.21875 
0.62094, -0.15625, 4.26562, 1.15625 
0.62125, 0.00000, 6.80469, 0.88281 
0.62156, 0.00000, 8.10156, 1.82031 
0.62188, -0.12500, 4.64844, 2.26562 
0.62219, 0.14844, -0.20312, 1.28906 
0.62250, 0.16406, -5.53906, 0.00781 
0.62281, 0.54688, -7.70312, -0.52344 
0.62313, 0.43750, -7.15625, 0.60156 
0.62344, -0.15625, -3.22656, 1.35938 
0.62375, 0.00000, 2.53125, 1.33594 
0.62406, -0.20312, 6.17188, 0.82812 
0.62438, 0.17188, 8.29688, 0.82031 
0.62469, -0.20312, 6.06250, 2.17188 
0.62500, 0.00000, 1.64844, 1.69531 
0.62531, 0.15625, -3.53125, 0.71094 
0.62562, 0.75000, -6.80469, -0.54688 
0.62594, 0.00000, -7.71094, 0.50000 
0.62625, 0.52344, -4.29688, 0.47656 
0.62656, -0.29688, 0.54688, 1.56250 
0.62687, -0.31250, 5.19531, 1.39062 
0.62719, 0.00000, 7.98438, 0.86719 
0.62750, -0.05469, 7.00000, 1.61719 
0.62781, -0.03906, 2.78125, 1.80469 
0.62813, -0.04688, -2.12500, 1.00000 
0.62844, 0.71875, -6.68750, -0.07031 
0.62875, 0.89844, -7.83594, -0.02344 
0.62906, 0.64844, -4.79688, 1.02344 
0.62938, -0.07812, -0.80469, 1.46875 
0.62969, 0.50000, 4.64062, 0.93750 
0.63000, -1.00000, 7.41406, 1.14844 
0.63031, 0.62500, 7.64844, 0.87500 
0.63062, -0.44531, 3.80469, 2.37500 
0.63094, -0.44531, 3.80469, 2.37500 
0.63125, 0.05469, -1.05469, 1.16406 
0.63156, 0.32031, -6.06250, 0.25000 
0.63187, 0.65625, -7.74219, -0.46094 
0.63219, -1.67969, -6.50000, 0.62500 
0.63250, 0.99219, -2.42969, 0.43750 
0.63281, -0.85938, 3.53125, 2.27344 
0.63313, 0.24219, 6.50000, 0.57812 
0.63344, 0.63281, 7.96875, 0.89844 
0.63375, -0.10156, 4.97656, 2.21875 
0.63406, 0.05469, 0.24219, 1.70312 
0.63438, 0.48438, -5.10156, 0.46094 
0.63469, 0.34375, -7.61719, -0.14062 
0.63500, -0.21875, -7.45312, 0.60156 
0.63531, 1.58594, -3.42188, 0.97656 
0.63562, 0.27344, 1.56250, 1.36719 
0.63594, -0.75781, 6.13281, 1.75000 
0.63625, 1.16406, 8.03906, 0.19531 
0.63656, -0.63281, 6.43750, 2.46875 
0.63687, -0.03125, 2.01562, 1.30469 
0.63719, -0.16406, -3.30469, 1.00000 
0.63750, 0.94531, -6.69531, -0.75000 
0.63781, 0.81250, -7.80469, 0.43750 
0.63813, 1.39844, -4.03125, 0.78906 
0.63844, -1.49219, 0.28125, 2.10938 
0.63875, 0.64844, 5.05469, 0.59375 
0.63906, -1.17188, 7.73438, 1.10938 
0.63938, 0.41406, 7.10938, 1.03125 
0.63969, -0.33594, 3.25781, 2.14062 
0.64000, -0.21094, -1.75781, 1.06250 
0.64031, 0.71875, -6.39844, 0.01562 
0.64062, 0.71094, -7.70312, -0.32031 
0.64094, 0.46094, -5.21875, 0.79688 
0.64125, 0.61719, -1.46094, 1.26562 
0.64156, -0.87500, 4.37500, 2.10156 
0.64187, 0.58594, 6.59375, 0.24219 
0.64219, 0.58594, 6.59375, 0.24219 
0.64250, -0.73438, 7.97656, 1.43750 
0.64281, 0.62500, 3.99219, 1.35156 
0.64313, -0.44531, -0.55469, 1.89062 
0.64344, 0.50000, -5.95312, 0.28125 
0.64375, -0.09375, -7.75000, 0.15625 
0.64406, -0.19531, -6.76562, -0.08594 
0.64438, 0.43750, -2.87500, 0.92969 
0.64469, 0.27344, 3.07031, 1.39844 
0.64500, -0.45312, 6.53906, 1.48438 
0.64531, 0.86719, 8.29688, 0.89844 
0.64563, -0.28125, 5.51562, 2.36719 
0.64594, 0.18750, 0.83594, 1.18750 
0.64625, 0.25781, -4.46875, 0.77344 
0.64656, 0.21094, -7.17969, -0.25000 
0.64687, 0.55469, -7.64844, 0.11719 
0.64719, 0.26562, -3.85938, 0.67969 
0.64750, -0.23438, 1.27344, 1.43750 
0.64781, -0.75781, 5.43750, 1.50000 
0.64813, 0.30469, 8.09375, 1.02344 
0.64844, -0.80469, 6.71875, 2.08594 
0.64875, 0.22656, 2.47656, 0.86719 
0.64906, 0.50000, -2.32812, 0.61719 
0.64938, 0.50000, -6.58594, 0.10938 
0.64969, 0.39062, -7.60156, 0.53906 
0.65000, 0.11719, -4.50781, 1.00000 
0.65031, -0.19531, -0.58594, 0.92188 
0.65063, -0.07031, 4.92188, 1.17969 
0.65094, 0.07812, 7.30469, 0.84375 
0.65125, -0.28125, 7.67969, 1.74219 
0.65156, 0.51562, 3.32031, 1.67969 
0.65187, -0.23438, -1.42188, 1.37500 
0.65219, 0.64844, -6.48438, -0.22656 
0.65250, 0.25000, -8.11719, 0.28906 
0.65281, -0.00781, -5.82031, 0.80469 
0.65313, 0.21094, -2.14844, 0.60156 
0.65344, 0.19531, 4.21094, 1.17969 
0.65375, -0.12500, 6.67188, 1.13281 
0.65406, -0.07812, 8.03125, 1.54688 
0.65438, -0.07812, 8.03125, 1.54688 
0.65469, -0.10938, 4.50000, 2.16406 
0.65500, 0.20312, -0.32031, 1.32031 
0.65531, 0.42188, -5.51562, -0.10938 
0.65563, -0.06250, -7.75000, 0.02344 
0.65594, 0.89062, -7.10938, 0.21875 
0.65625, -0.45312, -3.15625, 1.21094 
0.65656, 0.20312, 2.53906, 1.30469 
0.65687, -0.42188, 6.07812, 1.46094 
0.65719, 0.17188, 8.15625, 0.65625 
0.65750, -0.32031, 6.06250, 2.17969 
0.65781, 0.28125, 1.67188, 1.21875 
0.65812, -0.25781, -3.50781, 0.67188 
0.65844, 0.95312, -6.86719, -0.56250 
0.65875, -0.23438, -7.64062, 0.82031 
0.65906, 0.41406, -4.17188, 0.34375 
0.65938, -0.14844, 0.66406, 1.40625 
0.65969, -0.59375, 5.29688, 1.50000 
0.66000, 0.14062, 7.81250, 0.70312 
0.66031, -0.10156, 7.01562, 1.77344 
0.66063, 0.17188, 2.83594, 1.64062 
0.66094, -0.20312, -2.17188, 1.00781 
0.66125, 0.94531, -6.60156, -0.19531 
0.66156, -0.07812, -8.00000, 0.36719 
0.66187, 1.19531, -4.84375, 0.39844 
0.66219, 0.50000, -1.19531, 1.14062 
0.66250, -2.01562, 4.91406, 1.99219 
0.66281, 0.93750, 6.87500, -0.12500 
0.66312, -0.98438, 7.54688, 1.82812 
0.66344, 0.33594, 3.53125, 1.52344 
0.66375, -0.29688, -1.24219, 1.79688 
0.66406, 0.75781, -6.23438, 0.08594 
0.66438, -0.30469, -7.86719, 0.42969 
0.66469, 0.80469, -6.25000, -0.25000 
0.66500, -0.61719, -2.62500, 0.80469 
0.66531, -0.07031, 3.62500, 0.99219 
0.66563, -1.90625, 6.68750, 2.05469 
0.66594, 0.97656, 7.96094, 0.27344 
0.66625, -0.18750, 5.07812, 2.05469 
0.66656, -0.18750, 5.07812, 2.05469 
0.66687, 0.14844, 0.28906, 1.30469 
0.66719, 0.39062, -4.94531, 1.06250 
0.66750, 0.49219, -7.45312, -0.08594 
0.66781, 0.44531, -7.63281, 0.51562 
0.66812, 1.15625, -3.79688, -0.07031 
0.66844, 0.38281, 1.59375, 1.25000 
0.66875, -2.62500, 5.71094, 2.12500 
0.66906, 1.36719, 8.02344, 0.09375 
0.66938, -1.44531, 6.27344, 2.31250 
0.66969, 0.28906, 1.79688, 0.95312 
0.67000, -0.14062, -3.20312, 1.18750 
0.67031, 0.61719, -6.92188, -0.28125 
0.67063, 0.38281, -7.67969, 0.72656 
0.67094, 0.39062, -4.13281, 0.50000 
0.67125, 0.68750, 0.35938, 1.50000 
0.67156, 0.45312, 5.07812, 0.84375 
0.67188, -0.67188, 7.97656, 1.42969 
0.67219, 0.93750, 7.05469, 1.22656 
0.67250, -0.65625, 3.03906, 2.44531 
0.67281, -0.04688, -1.91406, 0.80469 
0.67312, 0.49219, -6.42969, 0.00000 
0.67344, 0.44531, -7.87500, -0.31250 
0.67375, 0.21094, -5.28125, 0.83594 
0.67406, 0.64844, -1.48438, 0.96875 
0.67438, -1.35156, 4.35938, 2.25000 
0.67469, 0.60938, 6.71094, 0.20312 
0.67500, -0.46875, 7.67188, 1.40625 
0.67531, 0.31250, 4.00000, 1.54688 
0.67563, -0.28906, -0.54688, 1.73438 
0.67594, 0.71094, -5.82031, 0.07031 
0.67625, -0.40625, -7.70312, 0.29688 
0.67656, 1.14062, -6.86719, -0.21094 
0.67688, 0.00000, -2.92969, 1.00781 
0.67719, -0.08594, 3.03125, 1.57812 
0.67750, -0.42188, 6.31250, 1.93750 
0.67781, 0.60938, 8.28125, 0.52344 
0.67812, -0.67969, 5.85938, 2.00000 
0.67844, -0.67969, 5.85938, 2.00000 
0.67875, 0.93750, 1.08594, 0.60938 
0.67906, -0.33594, -4.25781, 1.24219 
0.67938, 0.50000, -7.26562, -0.04688 
0.67969, 0.09375, -7.50781, 0.92969 
0.68000, 0.39062, -3.89062, -0.02344 
0.68031, -0.03906, 1.45312, 0.99219 
0.68063, -0.30469, 5.56250, 1.28906 
0.68094, -0.24219, 8.04688, 1.47656 
0.68125, -0.31250, 6.85156, 2.03906 
0.68156, 0.25000, 2.41406, 1.21875 
0.68188, 0.31250, -2.42188, 0.32812 
0.68219, 0.75000, -6.66406, -0.14062 
0.68250, 0.13281, -7.71094, 0.75781 
0.68281, -0.14844, -4.34375, 1.15625 
0.68312, 0.30469, -0.50781, 0.50000 
0.68344, -0.08594, 5.00000, 0.81250 
0.68375, 0.00000, 7.30469, 0.85938 
0.68406, -0.04688, 7.35156, 2.15625 
0.68438, -0.22656, 3.44531, 2.24219 
0.68469, -0.14844, -1.57031, 1.12500 
0.68500, 1.02344, -6.27344, -0.71094 
0.68531, 0.00000, -8.10156, -0.12500 
0.68563, 0.46875, -5.85156, 0.79688 
0.68594, -0.25000, -2.11719, 1.81250 
0.68625, 0.00000, 3.96094, 1.15625 
0.68656, -0.05469, 6.75781, 0.55469 
0.68688, 0.25000, 8.03125, 1.00000 
0.68719, -0.29688, 4.65625, 2.33594 
0.68750, 0.04688, -0.17969, 1.63281 
0.68781, 0.79688, -5.50000, 0.42969 
0.68812, 0.07812, -7.61719, -0.34375 
0.68844, 0.64062, -7.23438, 0.46875 
0.68875, 0.22656, -3.39062, 0.71875 
0.68906, -0.64844, 2.60938, 1.73438 
0.68937, 0.16406, 6.02344, 0.92969 
0.68969, -0.25000, 8.35938, 1.14844 
0.69000, -0.20312, 6.01562, 1.75781 
0.69031, -0.03125, 1.51562, 1.60938 
0.69063, -0.03125, 1.51562, 1.60938 
0.69094, 0.26562, -3.51562, 0.67188 
0.69125, 0.02344, -6.95312, -0.24219 
0.69156, 1.25781, -7.58594, 0.03906 
0.69188, -1.25000, -4.03906, 1.40625 
0.69219, 0.85938, 0.61719, 0.45312 
0.69250, -0.60156, 5.37500, 1.72656 
0.69281, -0.02344, 7.78125, 0.86719 
0.69312, -0.04688, 7.06250, 1.94531 
0.69344, 0.28906, 2.88281, 1.45312 
0.69375, -0.44531, -1.95312, 1.20312 
0.69406, 1.10938, -6.35938, -0.64062 
0.69437, 0.50000, -7.88281, 0.46094 
0.69469, -0.60156, -4.72656, 1.32031 
0.69500, 1.57031, -0.91406, 1.28125 
0.69531, 0.29688, 4.38281, 1.07812 
0.69563, -0.78125, 7.40625, 1.10938 
0.69594, 1.14062, 7.42188, 0.75000 
0.69625, -0.58594, 3.90625, 2.64844 
0.69656, -0.10938, -1.01562, 1.26562 
0.69688, 0.49219, -6.07812, 0.04688 
0.69719, 1.30469, -7.75000, -0.45312 
0.69750, 0.57812, -6.42969, 1.13281 
0.69781, -0.25000, -2.19531, 1.32031 
0.69812, 0.77344, 3.33594, 1.02344 
0.69844, -1.27344, 6.57031, 1.43750 
0.69875, 0.75000, 8.11719, 0.40625 
0.69906, -0.50781, 5.32812, 2.53125 
0.69937, 0.01562, 0.82812, 1.28906 
0.69969, -0.15625, -4.69531, 0.77344 
0.70000, 0.89844, -7.21094, -0.82031 
0.70031, 0.14062, -7.47656, 0.69531 
0.70063, -1.25000, -3.69531, 0.75000 
0.70094, 1.24219, 1.75000, 1.70312 
0.70125, -0.35938, 5.52344, 1.58594 
0.70156, 0.08594, 8.25000, 0.75781 
0.70188, 1.04688, 6.43750, 1.32812 
0.70219, 1.04688, 6.43750, 1.32812 
0.70250, -0.23438, 2.26562, 2.08594 
0.70281, 0.00781, -2.88281, 1.11719 
0.70312, 0.85938, -6.78906, -0.12500 
0.70344, -0.75781, -7.86719, 0.00000 
0.70375, 0.29688, -4.48438, 0.25000 
0.70406, -0.07031, -0.26562, 1.27344 
0.70437, -0.48438, 5.03906, 1.35938 
0.70469, 0.67969, 7.46094, 0.68750 
0.70500, -0.17969, 7.14844, 2.16406 
0.70531, 0.21094, 3.00781, 1.84375 
0.70563, -0.30469, -1.93750, 1.25781 
0.70594, 0.75781, -6.56250, -0.22656 
0.70625, -0.14062, -7.96875, -0.11719 
0.70656, 0.62500, -5.50000, 0.42969 
0.70688, 0.31250, -1.75781, 1.19531 
0.70719, -0.14062, 4.18750, 1.67188 
0.70750, -0.25781, 6.61719, 1.40625 
0.70781, 0.71094, 7.79688, 0.86719 
0.70813, -0.64844, 4.39844, 2.03906 
0.70844, 0.81250, -0.34375, 0.82812 
0.70875, -0.06250, -5.53125, 0.79688 
0.70906, 0.47656, -7.71875, -0.04688 
0.70937, 0.03906, -7.07812, 0.78906 
0.70969, 0.56250, -3.43750, 0.15625 
0.71000, -0.29688, 2.67188, 1.43750 
0.71031, -0.67188, 6.18750, 1.50000 
0.71063, 0.42188, 8.44531, 0.89844 
0.71094, -0.56250, 6.13281, 2.03906 
0.71125, 0.33594, 1.28125, 1.11719 
0.71156, 0.26562, -3.89062, 0.63281 
0.71188, 0.10938, -7.23438, -0.13281 
0.71219, 0.59375, -7.57812, 0.65625 
0.71250, -0.06250, -3.99219, 0.53906 
0.71281, 0.07812, 1.00000, 0.80469 
0.71313, -0.01562, 5.52344, 1.14844 
0.71344, -0.19531, 7.96094, 1.24219 
0.71375, -0.19531, 7.96094, 1.24219 
0.71406, -0.21875, 6.81250, 2.10938 
0.71437, 0.00000, 2.51562, 1.85156 
0.71469, -0.43750, -2.28125, 0.79688 
0.71500, 1.16406, -6.51562, -0.95312 
0.71531, 0.10938, -7.68750, 0.28906 
0.71563, 0.00000, -4.57812, 1.20312 
0.71594, 0.14062, -0.78125, 1.25000 
0.71625, -0.34375, 4.78906, 1.21875 
0.71656, 0.10938, 7.00000, 0.50000 
0.71688, -0.12500, 7.34375, 1.53125 
0.71719, 0.03125, 3.52344, 2.18750 
0.71750, -0.06250, -1.14062, 1.50000 
0.71781, 0.28125, -6.25000, -0.21875 
0.71813, 0.71875, -7.93750, -0.13281 
0.71844, 0.18750, -6.32812, 0.78906 
0.71875, -0.14844, -2.35156, 1.08594 
0.71906, 0.49219, 3.80469, 1.36719 
0.71937, -0.49219, 6.50000, 1.25000 
0.71969, 0.37500, 8.17188, 0.78125 
0.72000, -0.09375, 5.05469, 2.01562 
0.72031, 0.08594, 0.29688, 1.55469 
0.72062, 0.07031, -5.12500, 0.60938 
0.72094, 0.50781, -7.63281, -0.25000 
0.72125, -1.11719, -7.49219, 0.34375 
0.72156, 0.96875, -3.52344, 0.54688 
0.72188, -0.44531, 2.00000, 1.83594 
0.72219, -0.10938, 5.96094, 1.02344 
0.72250, 0.93750, 8.06250, 0.54688 
0.72281, -0.33594, 6.11719, 2.57812 
0.72313, 0.25781, 1.68750, 1.53125 
0.72344, 0.07812, -3.31250, 0.92188 
0.72375, 0.51562, -6.80469, -0.30469 
0.72406, -1.13281, -7.87500, -0.15625 
0.72437, 0.89844, -4.17969, 0.35156 
0.72469, -1.18750, -0.12500, 1.93750 
0.72500, 0.26562, 5.18750, 0.77344 
0.72531, 0.57031, 7.40625, 0.71094 
0.72562, 0.57031, 7.40625, 0.71094 
0.72594, 0.12500, 2.92188, 1.82031 
0.72625, 0.12500, 2.92188, 1.82031 
0.72656, 0.07812, -2.05469, 1.22656 
0.72688, 0.43750, -6.46094, -0.08594 
0.72719, 0.63281, -8.01562, -0.49219 
0.72750, 0.46875, -5.34375, 0.39844 
0.72781, -2.27344, -1.50781, 1.89844 
0.72813, 0.95312, 4.46094, 0.40625 
0.72844, -0.68750, 6.89844, 1.11719 
0.72875, -0.03906, 8.03906, 1.31250 
0.72906, -0.13281, 4.15625, 2.33594 
0.72937, 0.38281, -0.57812, 1.10938 
0.72969, 0.00000, -5.88281, 0.44531 
0.73000, 0.92188, -7.72656, -0.77344 
0.73031, 1.11719, -6.65625, 0.75000 
0.73062, 0.67188, -2.91406, 1.37500 
0.73094, -0.76562, 3.39062, 2.04688 
0.73125, 0.67188, 6.14844, 0.27344 
0.73156, -1.16406, 8.58594, 1.24219 
0.73188, 0.50000, 5.66406, 1.12500 
0.73219, -0.39062, 1.15625, 2.03125 
0.73250, 0.02344, -4.07812, 0.61719 
0.73281, 0.21094, -7.10156, 0.00000 
0.73313, 0.09375, -7.39844, -0.22656 
0.73344, 0.25000, -3.90625, 0.94531 
0.73375, 0.21875, 1.13281, 1.32812 
0.73406, -0.39844, 5.75000, 1.61719 
0.73438, 0.82812, 7.87500, 0.43750 
0.73469, -0.45312, 6.61719, 2.14844 
0.73500, 0.23438, 2.32031, 1.39844 
0.73531, -0.62500, -2.57812, 1.32031 
0.73562, 0.94531, -6.57031, -0.59375 
0.73594, 0.00000, -7.82812, 0.22656 
0.73625, 0.45312, -4.39844, 0.68750 
0.73656, 0.21875, -0.49219, 1.36719 
0.73688, -0.11719, 4.96094, 1.74219 
0.73719, -1.09375, 7.10156, 1.39844 
0.73750, 0.81250, 7.13281, 0.69531 
0.73781, 0.81250, 7.13281, 0.69531 
0.73813, -0.53906, 3.23438, 1.78125 
0.73844, 0.31250, -1.65625, 0.92188 
0.73875, 0.43750, -6.39062, 0.44531 
0.73906, 0.16406, -8.09375, 0.24219 
0.73938, 0.18750, -5.74219, 0.67969 
0.73969, -0.32812, -2.11719, 0.39844 
0.74000, 0.47656, 4.05469, 1.39062 
0.74031, -0.57812, 6.53125, 1.43750 
0.74062, 0.19531, 8.12500, 1.25000 
0.74094, 0.21094, 4.75000, 1.79688 
0.74125, 0.09375, -0.05469, 1.28125 
0.74156, 0.32031, -5.41406, 0.21875 
0.74188, 0.14062, -7.71875, 0.11719 
0.74219, 0.23438, -7.31250, 0.71094 
0.74250, 0.10156, -3.50781, 0.36719 
0.74281, 0.14844, 2.50000, 1.00000 
0.74313, -0.10938, 6.01562, 1.14844 
0.74344, 0.08594, 8.38281, 1.35938 
0.74375, -0.46875, 6.15625, 2.49219 
0.74406, 0.01562, 1.59375, 1.52344 
0.74438, 0.39844, -3.52344, 0.16406 
0.74469, 0.37500, -7.02344, -0.48438 
0.74500, 0.96875, -7.61719, 0.27344 
0.74531, -0.36719, -4.05469, 1.61719 
0.74562, 0.23438, 0.58594, 0.97656 
0.74594, -0.48438, 5.46094, 1.11719 
0.74625, 0.18750, 7.77344, 0.42969 
0.74656, -0.25781, 6.92969, 2.27344 
0.74688, 0.00781, 2.76562, 1.82031 
0.74719, 0.06250, -2.12500, 1.08594 
0.74750, 0.89062, -6.36719, -0.50781 
0.74781, -0.17188, -7.92188, 0.28125 
0.74813, 0.71094, -4.88281, 0.30469 
0.74844, -0.50000, -1.03906, 1.55469 
0.74875, 0.14844, 4.56250, 1.34375 
0.74906, 0.14844, 4.56250, 1.34375 
0.74938, 0.07031, 7.69531, 1.21875 
0.74969, -0.10156, 3.82031, 2.00000 
0.75000, -0.10156, 3.82031, 2.00000 
0.75031, 0.00000, -0.89844, 1.23438 
0.75062, 0.36719, -6.14844, 0.22656 
0.75094, 0.14062, -7.96875, -0.34375 
0.75125, 0.59375, -6.64062, 0.28906 
0.75156, -1.41406, -2.60938, 1.53906 
0.75188, 0.57812, 3.55469, 0.69531 
0.75219, -0.33594, 6.47656, 1.17188 
0.75250, -0.10156, 8.42969, 1.14844 
0.75281, -0.12500, 5.35156, 2.28906 
0.75313, 0.30469, 0.65625, 1.22656 
0.75344, -0.08594, -4.81250, 0.69531 
0.75375, 0.84375, -7.50000, -0.80469 
0.75406, 0.92969, -7.67969, 0.48438 
0.75438, -1.91406, -3.68750, 1.54688 
0.75469, 1.17188, 1.78125, 0.41406 
0.75500, -0.94531, 5.90625, 1.50781 
0.75531, 0.20312, 8.28125, 0.78906 
0.75562, -0.32812, 6.43750, 2.28906 
0.75594, 0.39062, 2.19531, 1.38281 
0.75625, -0.40625, -2.88281, 1.11719 
0.75656, 1.21094, -6.58594, -0.96875 
0.75687, 0.39844, -7.57031, 0.60938 
0.75719, -1.60938, -4.22656, 1.13281 
0.75750, 1.88281, 0.05469, 1.38281 
0.75781, -0.24219, 4.69531, 1.50000 
0.75813, -0.21875, 7.71094, 0.75781 
0.75844, 1.29688, 7.00000, 0.97656 
0.75875, -0.21094, 3.18750, 2.59375 
0.75906, -0.20312, -1.67188, 1.36719 
0.75938, 0.92969, -6.55469, -0.06250 
0.75969, -0.26562, -8.00000, -0.38281 
0.76000, 0.03125, -5.76562, 0.14062 
0.76031, -1.15625, -1.76562, 1.53906 
0.76062, 0.28125, 4.20312, 1.06250 
0.76094, -0.22656, 6.72656, 1.03125 
0.76125, -0.22656, 6.72656, 1.03125 
0.76156, -0.01562, 8.00781, 1.35938 
0.76187, 0.25000, 4.28125, 2.11719 
0.76219, -0.09375, -0.35156, 1.29688 
0.76250, 0.34375, -5.81250, 0.34375 
0.76281, 0.36719, -7.74219, -0.50000 
0.76313, 0.66406, -6.93750, 0.52344 
0.76344, 0.23438, -3.00000, 0.91406 
0.76375, -0.03125, 3.05469, 1.83594 
0.76406, -0.29688, 6.12500, 1.45312 
0.76438, 0.75781, 8.28906, 0.42969 
0.76469, -0.92969, 5.93750, 2.18750 
0.76500, 0.92188, 1.19531, 0.84375 
0.76531, -0.20312, -3.81250, 1.29688 
0.76562, 0.35156, -7.07812, -0.25000 
0.76594, 0.46875, -7.54688, 0.37500 
0.76625, 0.37500, -4.11719, 0.10938 
0.76656, -1.96094, 0.91406, 1.79688 
0.76687, 0.60156, 5.50000, 0.28125 
0.76719, -0.51562, 8.01562, 1.21094 
0.76750, 0.00000, 6.97656, 1.87500 
0.76781, 0.02344, 2.64844, 1.85938 
0.76813, 0.01562, -2.16406, 0.85156 
0.76844, 0.14844, -6.50781, 0.16406 
0.76875, 0.69531, -7.70312, -0.51562 
0.76906, 0.08594, -4.69531, 0.77344 
0.76938, 0.40625, -0.81250, 0.93750 
0.76969, -0.06250, 4.87500, 1.68750 
0.77000, -0.62500, 7.21875, 1.05469 
0.77031, 0.25000, 7.58594, 1.88281 
0.77063, 0.10938, 3.64844, 1.49219 
0.77094, -0.35938, -1.38281, 1.25000 
0.77125, 1.27344, -6.13281, -0.30469 
0.77156, -0.03906, -7.96094, 0.50000 
0.77187, 0.17969, -6.01562, 0.76562 
0.77219, 0.24219, -2.31250, 0.87500 
0.77250, -0.25000, 3.90625, 1.15625 
0.77281, -0.58594, 6.61719, 1.09375 
0.77313, 0.48438, 8.04688, 0.99219 
0.77344, 0.48438, 8.04688, 0.99219 
0.77375, -0.50000, 5.08594, 2.13281 
0.77406, 0.55469, 0.13281, 1.31250 
0.77438, 0.44531, -5.10156, 0.42969 
0.77469, 0.11719, -7.57812, -0.10156 
0.77500, 0.35938, -7.35938, 0.84375 
0.77531, -0.04688, -3.41406, 0.64062 
0.77563, -0.05469, 2.23438, 1.01562 
0.77594, 0.02344, 6.00781, 0.99219 
0.77625, -0.04688, 8.29688, 1.11719 
0.77656, -0.25000, 6.29688, 2.18750 
0.77687, 0.03906, 1.91406, 1.65625 
0.77719, -0.25000, -3.27344, 0.49219 
0.77750, 0.79688, -6.75000, -0.71875 
0.77781, -0.14844, -7.70312, 0.71094 
0.77813, 0.46875, -4.21875, 0.51562 
0.77844, -0.07812, 0.37500, 1.30469 
0.77875, -0.35938, 5.07031, 1.42188 
0.77906, -0.06250, 7.64062, 0.75000 
0.77938, 0.05469, 6.92188, 1.77344 
0.77969, -0.07812, 2.88281, 1.93750 
0.78000, -0.17188, -1.97656, 0.93750 
0.78031, 1.11719, -6.49219, -0.29688 
0.78063, -1.09375, -7.93750, 0.11719 
0.78094, 1.00000, -5.15625, 0.34375 
0.78125, -0.97656, -1.45312, 1.78125 
0.78156, 0.26562, 4.50781, 0.96094 
0.78187, 0.17969, 6.70312, 0.75000 
0.78219, 0.01562, 7.58594, 1.65625 
0.78250, -0.15625, 3.87500, 2.31250 
0.78281, 0.27344, -0.86719, 1.17188 
0.78313, 0.39062, -5.99219, 0.16406 
0.78344, -0.96875, -8.01562, -0.38281 
0.78375, 1.34375, -6.67188, 0.21875 
0.78406, -1.04688, -2.90625, 1.62500 
0.78438, 0.42969, 3.43750, 0.96875 
0.78469, 0.16406, 6.40625, 0.92188 
0.78500, 0.16406, 6.40625, 0.92188 
0.78531, -0.01562, 8.32031, 1.50781 
0.78563, -0.26562, 5.51562, 2.16406 
0.78594, 0.41406, 0.77344, 1.30469 
0.78625, 0.12500, -4.46875, 0.58594 
0.78656, 0.25781, -7.38281, -0.40625 
0.78687, 1.16406, -7.50000, 0.27344 
0.78719, -2.14062, -3.75781, 1.40625 
0.78750, 1.80469, 1.62500, 1.31250 
0.78781, -0.25781, 5.57031, 1.28906 
0.78812, -0.11719, 8.47656, 0.78906 
0.78844, 1.04688, 6.57031, 1.38281 
0.78875, -0.20312, 2.42188, 2.24219 
0.78906, -0.05469, -2.60156, 1.07812 
0.78938, 0.71094, -6.58594, -0.05469 
0.78969, 0.07812, -7.75000, -0.39844 
0.79000, -0.25000, -4.77344, 0.32031 
0.79031, -1.23438, -0.46875, 1.60938 
0.79063, 0.24219, 4.75000, 0.92969 
0.79094, 0.02344, 7.25000, 0.92969 
0.79125, -0.24219, 7.31250, 1.84375 
0.79156, 0.33594, 3.15625, 1.99219 
0.79187, -0.17188, -1.48438, 1.13281 
0.79219, 0.55469, -6.53906, 0.00000 
0.79250, 0.50000, -7.92188, -0.47656 
0.79281, 0.33594, -5.82031, 0.77344 
0.79312, -0.78906, -2.18750, 0.75781 
0.79344, 0.32812, 4.13281, 1.47656 
0.79375, -1.14844, 6.73438, 1.43750 
0.79406, 0.28906, 8.11719, 0.85938 
0.79438, 0.50000, 4.60938, 1.54688 
0.79469, -0.02344, -0.14062, 1.72656 
0.79500, 0.46875, -5.46094, 0.50000 
0.79531, 0.68750, -7.75000, -0.07812 
0.79563, -0.55469, -7.16406, 0.75000 
0.79594, 0.78125, -3.25000, 0.61719 
0.79625, 0.60938, 2.45312, 1.22656 
0.79656, -0.77344, 6.23438, 1.60156 
0.79688, -0.77344, 6.23438, 1.60156 
0.79719, 1.01562, 8.21875, 0.64062 
0.79750, -0.66406, 5.93750, 2.43750 
0.79781, 0.16406, 1.35938, 1.43750 
0.79812, -0.10156, -3.74219, 0.75000 
0.79844, 0.53906, -6.98438, -0.50000 
0.79875, 0.44531, -7.65625, 0.30469 
0.79906, 0.43750, -3.96875, 0.67188 
0.79938, -0.03906, 0.69531, 1.48438 
0.79969, -0.28906, 5.21875, 1.48438 
0.80000, 0.01562, 7.75000, 0.80469 
0.80031, -0.96094, 6.82812, 2.19531 
0.80063, 0.66406, 2.82031, 0.89062 
0.80094, -0.32031, -2.08594, 1.04688 
0.80125, 1.12500, -6.60156, -0.29688 
0.80156, 0.03906, -7.80469, 0.77344 
0.80188, 0.28906, -4.94531, 0.78125 
0.80219, 0.05469, -1.09375, 1.05469 
0.80250, 0.00000, 4.60938, 0.99219 
0.80281, -0.28906, 7.04688, 1.12500 
0.80312, 0.06250, 7.61719, 1.47656 
0.80344, -0.06250, 3.66406, 2.10156 
0.80375, 0.00781, -1.25000, 1.11719 
0.80406, 0.75000, -6.44531, -0.07031 
0.80438, -0.07812, -8.09375, 0.23438 
0.80469, 0.03125, -6.28906, 0.89844 
0.80500, 0.08594, -2.41406, 0.67969 
0.80531, -0.01562, 3.84375, 0.92969 
0.80563, 0.02344, 6.54688, 0.77344 
0.80594, 0.05469, 8.18750, 1.57031 
0.80625, -0.25000, 5.03125, 2.46094 
0.80656, 0.19531, 0.30469, 1.53125 
0.80688, 0.00781, -5.03125, 0.17969 
0.80719, 0.59375, -7.45312, -0.47656 
0.80750, 0.32031, -7.50000, 0.50781 
0.80781, -0.08594, -3.75000, 0.84375 
0.80812, 0.25000, 1.86719, 1.23438 
0.80844, -0.45312, 5.66406, 1.20312 
0.80875, 0.22656, 8.14062, 0.75000 
0.80906, -0.08594, 6.35938, 2.11719 
0.80938, -0.08594, 6.35938, 2.11719 
0.80969, 0.00000, 2.08594, 1.68750 
0.81000, 0.01562, -2.96875, 0.73438 
0.81031, 0.74219, -6.69531, -0.42188 
0.81063, -0.41406, -7.82031, 0.00000 
0.81094, 0.37500, -4.59375, 0.44531 
0.81125, -1.40625, -0.10938, 1.95312 
0.81156, 0.36719, 5.12500, 0.67188 
0.81188, 0.00000, 7.62500, 0.69531 
0.81219, -0.02344, 7.25781, 1.84375 
0.81250, 0.07031, 2.96875, 2.05469 
0.81281, -0.07031, -1.87500, 1.11719 
0.81312, 0.55469, -6.57812, 0.01562 
0.81344, 0.00000, -8.14844, -0.64844 
0.81375, 0.44531, -5.38281, 0.37500 
0.81406, -1.90625, -1.53125, 1.85156 
0.81438, 0.66406, 4.60156, 0.64062 
0.81469, -0.44531, 6.77344, 0.93750 
0.81500, -0.11719, 7.80469, 1.39844 
0.81531, 0.01562, 4.13281, 2.03906 
0.81563, 0.32812, -0.62500, 1.34375 
0.81594, 0.14062, -5.76562, 0.34375 
0.81625, 1.25000, -7.73438, -0.52344 
0.81656, 1.00000, -6.46875, 1.11719 
0.81688, -0.29688, -2.67188, 1.44531 
0.81719, 1.02344, 3.00781, 0.82031 
0.81750, -1.33594, 6.46094, 1.49219 
0.81781, 0.75000, 8.20312, 0.29688 
0.81812, -0.71094, 5.85938, 2.39844 
0.81844, 0.17969, 1.23438, 1.31250 
0.81875, -0.32812, -4.12500, 0.89844 
0.81906, 1.11719, -7.03125, -0.97656 
0.81937, 0.93750, -7.62500, 0.68750 
0.81969, 1.00000, -3.94531, 0.79688 
0.82000, -1.86719, 1.35938, 2.23438 
0.82031, 0.73438, 5.39844, 0.46094 
0.82063, -1.01562, 8.09375, 0.96875 
0.82094, 0.13281, 6.84375, 1.25000 
0.82125, 0.13281, 6.84375, 1.25000 
0.82156, -0.21094, 2.59375, 2.20312 
0.82188, -0.23438, -2.38281, 1.02344 
0.82219, 0.68750, -6.62500, -0.06250 
0.82250, 0.76562, -7.52344, -0.35156 
0.82281, 0.40625, -4.51562, 0.79688 
0.82312, 0.28125, -0.46094, 1.39062 
0.82344, -0.57031, 4.92188, 2.17969 
0.82375, 0.54688, 6.96094, 0.21875 
0.82406, -0.74219, 7.55469, 1.74219 
0.82437, 0.87500, 3.27344, 1.07031 
0.82469, -0.75000, -1.29688, 1.85938 
0.82500, 0.85156, -6.35156, 0.07031 
0.82531, -0.10156, -7.77344, 0.42188 
0.82563, 0.18750, -5.71875, 0.04688 
0.82594, 0.14062, -2.08594, 1.15625 
0.82625, 0.71094, 3.84375, 1.05469 
0.82656, -0.75000, 6.83594, 1.62500 
0.82688, 0.86719, 8.05469, 1.02344 
0.82719, -0.35156, 4.75000, 2.45312 
0.82750, 0.22656, 0.01562, 1.00000 
0.82781, 0.23438, -5.43750, 0.60156 
0.82812, 0.10938, -7.60156, -0.21094 
0.82844, 0.52344, -7.42188, 0.30469 
0.82875, 0.14844, -3.42188, 0.64062 
0.82906, -0.03125, 2.32812, 1.42969 
0.82937, -0.16406, 5.92969, 1.20312 
0.82969, 0.17188, 8.39844, 1.21875 
0.83000, -0.89062, 6.04688, 2.42969 
0.83031, 0.68750, 1.66406, 0.66406 
0.83063, 0.03125, -3.44531, 0.65625 
0.83094, 0.51562, -6.89844, -0.41406 
0.83125, 0.46875, -7.50000, 0.80469 
0.83156, -0.06250, -4.25000, 1.16406 
0.83188, 0.05469, 0.40625, 0.93750 
0.83219, -0.04688, 5.14062, 0.85156 
0.83250, 0.01562, 7.69531, 0.92188 
0.83281, 0.01562, 7.69531, 0.92188 
0.83313, -0.22656, 7.10938, 2.06250 
0.83344, 0.07031, 2.83594, 1.92188 
0.83375, -0.46875, -1.92969, 1.09375 
0.83406, 1.21094, -6.62500, -0.73438 
0.83437, 0.06250, -7.92188, 0.05469 
0.83469, 0.17188, -5.03906, 1.20312 
0.83500, 0.00000, -1.24219, 1.36719 
0.83531, -0.22656, 4.64062, 1.14844 
0.83563, 0.07812, 7.00000, 0.58594 
0.83594, 0.03125, 7.66406, 1.31250 
0.83625, -0.08594, 3.76562, 2.25000 
0.83656, -0.06250, -1.04688, 1.53125 
0.83688, 0.96094, -6.18750, -0.21875 
0.83719, 0.12500, -7.93750, -0.17969 
0.83750, 0.17188, -6.42188, 0.77344 
0.83781, 0.30469, -2.66406, 0.55469 
0.83813, -0.50781, 3.63281, 1.75000 
0.83844, 0.00000, 6.32031, 0.89844 
0.83875, 0.02344, 8.22656, 1.13281 
0.83906, -0.10938, 5.28125, 1.84375 
0.83937, -0.03906, 0.64844, 1.66406 
0.83969, 0.32812, -4.59375, 0.34375 
0.84000, 0.59375, -7.33594, -0.20312 
0.84031, 0.47656, -7.25000, 0.73438 
0.84063, 0.66406, -3.50000, 1.14062 
0.84094, 0.75000, 1.39844, 0.92188 
0.84125, -1.09375, 5.80469, 1.73438 
0.84156, 1.11719, 7.90625, 0.25781 
0.84188, -0.68750, 6.63281, 2.60938 
0.84219, 0.21875, 2.30469, 1.39844 
0.84250, -0.32812, -2.71875, 1.06250 
0.84281, 1.17969, -6.57812, -0.66406 
0.84313, -1.97656, -7.99219, 0.42969 
0.84344, 1.34375, -4.39062, 0.25781 
0.84375, -0.71094, -0.60938, 1.85156 
0.84406, 0.18750, 5.14844, 0.90625 
0.84437, 0.18750, 5.14844, 0.90625 
0.84469, 0.58594, 7.48438, 0.54688 
0.84500, 0.07812, 7.19531, 2.17188 
0.84531, -0.17188, 3.11719, 2.06250 
0.84563, -0.00781, -1.94531, 1.03125 
0.84594, 0.77344, -6.57031, -0.31250 
0.84625, -0.10938, -8.17188, -0.13281 
0.84656, 0.15625, -5.64062, 0.28906 
0.84688, -0.56250, -2.00000, 0.96094 
0.84719, -1.71094, 4.27344, 2.05469 
0.84750, 0.64844, 6.60938, -0.10156 
0.84781, 0.06250, 7.79688, 1.21875 
0.84813, -0.19531, 4.26562, 2.14062 
0.84844, 0.35156, -0.58594, 1.84375 
0.84875, 0.59375, -5.64062, 0.37500 
0.84906, 0.32031, -7.78125, -0.03906 
0.84937, 0.06250, -6.96094, 0.10938 
0.84969, 0.87500, -3.07812, 1.25000 
0.85000, 0.06250, 2.42969, 1.33594 
0.85031, -0.64844, 6.42188, 1.47656 
0.85062, 1.06250, 8.20312, 0.50000 
0.85094, -0.69531, 6.09375, 2.48438 
0.85125, 0.11719, 1.33594, 1.29688 
0.85156, 0.21094, -3.82031, 0.87500 
0.85188, 0.20312, -7.00781, -0.44531 
0.85219, 0.75781, -7.82812, 0.08594 
0.85250, 0.39844, -4.01562, 0.79688 
0.85281, -0.92188, 0.81250, 1.53906 
0.85313, 0.50000, 5.57031, 1.69531 
0.85344, -0.22656, 8.05469, 0.80469 
0.85375, -0.30469, 7.21094, 1.54688 
0.85406, 0.99219, 2.82031, 1.06250 
0.85437, -0.49219, -2.15625, 1.64844 
0.85469, 0.86719, -6.43750, -0.09375 
0.85500, 0.13281, -7.78906, 0.53906 
0.85531, 0.14844, -4.75000, 0.25000 
0.85562, -0.05469, -0.87500, 0.75781 
0.85594, -0.67969, 4.78906, 1.58594 
0.85625, -0.03125, 7.08594, 0.80469 
0.85656, -0.03125, 7.08594, 0.80469 
0.85688, 0.13281, 7.33594, 1.44531 
0.85719, 0.01562, 3.37500, 1.88281 
0.85750, 0.14844, -1.39844, 1.30469 
0.85781, 0.51562, -6.32812, 0.00781 
0.85813, -0.13281, -7.98438, 0.53906 
0.85844, 0.52344, -6.17188, 0.21094 
0.85875, -0.07031, -2.25781, 0.81250 
0.85906, 0.28125, 3.78125, 1.18750 
0.85938, -0.32812, 6.48438, 1.43750 
0.85969, -0.05469, 8.00000, 1.23438 
0.86000, -0.15625, 4.98438, 2.32031 
0.86031, 0.00000, 0.28125, 1.00000 
0.86062, 0.46875, -5.11719, -0.07812 
0.86094, 0.42969, -7.55469, -0.30469 
0.86125, 0.71094, -7.42188, 0.89844 
0.86156, -0.43750, -3.50000, 1.34375 
0.86188, 0.24219, 2.14844, 1.01562 
0.86219, -0.39062, 5.92969, 1.00000 
0.86250, 0.14062, 8.32812, 0.77344 
0.86281, -0.46094, 6.35156, 2.37500 
0.86313, 0.25000, 1.99219, 1.60156 
0.86344, -0.21875, -3.25781, 0.79688 
0.86375, 0.95312, -6.82812, -0.79688 
0.86406, -0.35938, -7.80469, 0.73438 
0.86438, 0.55469, -4.18750, 0.43750 
0.86469, -0.37500, 0.38281, 1.57031 
0.86500, -0.19531, 5.26562, 1.14844 
0.86531, -0.03125, 7.83594, 0.71875 
0.86562, 0.00781, 6.99219, 1.67188 
0.86594, -0.08594, 2.96094, 1.99219 
0.86625, -0.22656, -2.06250, 1.07812 
0.86656, 0.92188, -6.50781, -0.15625 
0.86688, -0.48438, -7.97656, -0.17188 
0.86719, 0.38281, -5.19531, 0.30469 
0.86750, -1.26562, -1.35156, 1.81250 
0.86781, 0.39844, 4.44531, 0.73438 
0.86813, 0.39844, 4.44531, 0.73438 
0.86844, -0.02344, 6.80469, 0.86719 
0.86875, -0.03906, 7.70312, 1.62500 
0.86906, 0.04688, 3.88281, 2.27344 
0.86938, 0.34375, -0.86719, 1.16406 
0.86969, 0.21875, -6.10156, 0.40625 
0.87000, -0.25781, -7.99219, -0.67188 
0.87031, 0.57812, -6.74219, 0.21094 
0.87062, -1.56250, -2.86719, 1.60938 
0.87094, 0.70312, 3.48438, 0.71875 
0.87125, -0.31250, 6.38281, 1.03125 
0.87156, 0.09375, 8.48438, 1.42188 
0.87188, -0.25000, 5.53125, 2.28906 
0.87219, 0.47656, 0.77344, 1.23438 
0.87250, 0.00000, -4.50000, 0.57812 
0.87281, 0.38281, -7.25000, -0.65625 
0.87313, 0.92969, -7.43750, 0.45312 
0.87344, -2.19531, -3.93750, 0.96094 
0.87375, 1.35938, 1.59375, 1.14844 
0.87406, -0.66406, 5.64844, 1.63281 
0.87438, 0.20312, 8.25781, 0.57812 
0.87469, 0.82031, 6.64062, 1.42188 
0.87500, 0.07031, 2.25781, 2.24219 
0.87531, -0.17188, -2.59375, 1.20312 
0.87562, 1.02344, -6.63281, -0.28125 
0.87594, 0.45312, -7.90625, -0.16406 
0.87625, 0.03125, -4.76562, 0.28906 
0.87656, -1.64062, -0.42969, 1.63281 
0.87688, 0.14844, 4.80469, 0.82031 
0.87719, -0.40625, 7.35156, 0.95312 
0.87750, -0.10938, 7.34375, 1.52344 
0.87781, 0.29688, 3.27344, 2.13281 
0.87813, -0.41406, -1.55469, 1.33594 
0.87844, 0.79688, -6.53906, -0.07812 
0.87875, 0.41406, -7.84375, -0.29688 
0.87906, 0.41406, -5.69531, 0.72656 
0.87938, -0.75000, -1.90625, 0.97656 
0.87969, 0.55469, 4.21094, 1.48438 
0.88000, -1.38281, 6.51562, 1.57031 
0.88031, -1.38281, 6.51562, 1.57031 
0.88062, 0.53125, 7.81250, 0.48438 
0.88094, 0.21875, 4.50000, 1.71094 
0.88125, 0.05469, -0.12500, 1.58594 
0.88156, 0.34375, -5.42969, 0.63281 
0.88187, 0.47656, -7.71094, -0.05469 
0.88219, -0.25000, -7.17969, 0.42188 
0.88250, 0.06250, -3.36719, 0.22656 
0.88281, -0.36719, 2.54688, 1.70312 
0.88313, -0.19531, 6.00781, 1.14062 
0.88344, 0.49219, 8.22656, 0.83594 
0.88375, -0.31250, 6.00781, 2.21875 
0.88406, 0.48438, 1.46094, 1.40625 
0.88438, -0.25000, -3.67969, 0.80469 
0.88469, 0.49219, -7.10938, -0.14062 
0.88500, 0.37500, -7.64062, 0.14844 
0.88531, 0.14062, -4.09375, 0.69531 
0.88562, 0.17188, 0.67969, 1.03125 
0.88594, -0.17969, 5.38281, 1.50781 
0.88625, -0.47656, 7.89062, 0.97656 
0.88656, 0.01562, 6.92969, 2.25000 
0.88687, 0.14062, 2.96094, 1.30469 
0.88719, -0.41406, -2.13281, 0.94531 
0.88750, 1.50000, -6.42969, -0.58594 
0.88781, -0.13281, -7.88281, 0.71094 
0.88813, -0.18750, -4.70312, 1.17188 
0.88844, 0.37500, -1.10156, 0.90625 
0.88875, -0.28125, 4.64062, 1.00000 
0.88906, 0.04688, 7.01562, 0.60938 
0.88938, -0.00781, 7.46875, 1.90625 
0.88969, 0.03125, 3.73438, 2.13281 
0.89000, -0.31250, -1.07031, 1.38281 
0.89031, 0.85156, -6.18750, -0.11719 
0.89062, 0.10156, -7.81250, -0.16406 
0.89094, 0.24219, -6.48438, 0.47656 
0.89125, 0.04688, -2.47656, 1.25000 
0.89156, -0.13281, 3.50000, 1.46875 
0.89187, -0.13281, 3.50000, 1.46875 
0.89219, -0.22656, 6.50000, 0.82031 
0.89250, -0.22656, 5.21875, 2.13281 
0.89281, -0.22656, 5.21875, 2.13281 
0.89313, -0.06250, 0.54688, 1.53906 
0.89344, 0.55469, -4.85156, 0.52344 
0.89375, -0.54688, -7.35938, -0.20312 
0.89406, 1.39844, -7.51562, 0.17188 
0.89438, -0.38281, -3.77344, 1.11719 
0.89469, 0.02344, 1.91406, 1.10156 
0.89500, 0.28906, 5.77344, 1.19531 
0.89531, -0.25781, 8.25000, 1.10156 
0.89563, -0.18750, 6.44531, 1.88281 
0.89594, 0.25000, 1.96875, 1.43750 
0.89625, -0.24219, -2.98438, 0.98438 
0.89656, 0.64062, -6.73438, -0.47656 
0.89687, -0.58594, -7.82812, 0.19531 
0.89719, 0.28125, -4.37500, 0.50000 
0.89750, -0.95312, -0.13281, 1.71094 
0.89781, 0.14844, 5.05469, 0.80469 
0.89813, 0.36719, 7.29688, 0.62500 
0.89844, -0.30469, 7.04688, 2.00000 
0.89875, 0.29688, 2.98438, 2.00000 
0.89906, -0.18750, -1.75781, 1.24219 
0.89938, 0.68750, -6.49219, -0.19531 
0.89969, 0.75000, -7.79688, -0.32812 
0.90000, 0.71094, -5.53125, 0.53906 
0.90031, -2.50781, -1.66406, 1.99219 
0.90063, 1.25000, 4.23438, 0.38281 
0.90094, -1.09375, 6.62500, 1.25000 
0.90125, 0.17969, 8.03906, 0.92969 
0.90156, -0.42188, 4.50000, 2.64844 
0.90187, 0.56250, -0.07031, 1.00000 
0.90219, -0.16406, -5.57812, 0.64062 
0.90250, 0.96094, -7.67969, -0.84375 
0.90281, 1.00000, -6.83594, 0.72656 
0.90313, 0.67188, -3.09375, 1.31250 
0.90344, -0.39844, 3.11719, 2.25000 
0.90375, 0.71094, 5.96094, 0.31250 
0.90406, -0.95312, 8.66406, 1.28906 
0.90438, -0.95312, 8.66406, 1.28906 
0.90469, 0.49219, 5.92188, 1.24219 
0.90500, -0.32812, 1.45312, 2.14844 
0.90531, -0.04688, -3.81250, 0.67969 
0.90563, 0.31250, -7.05469, -0.03125 
0.90594, 0.01562, -7.38281, -0.18750 
0.90625, 0.56250, -3.91406, 1.00000 
0.90656, 0.53125, 0.77344, 1.19531 
0.90687, -0.67188, 5.63281, 1.71094 
0.90719, 1.01562, 7.78125, 0.42188 
0.90750, -0.63281, 6.75000, 2.49219 
0.90781, 0.25781, 2.47656, 1.40625 
0.90813, -0.70312, -2.41406, 1.29688 
0.90844, 1.01562, -6.50000, -0.56250 
0.90875, 0.00000, -7.82031, 0.10938 
0.90906, 0.46875, -4.70312, 0.60938 
0.90938, -0.04688, -0.99219, 1.17188 
0.90969, 0.00000, 4.59375, 1.39844 
0.91000, -1.25000, 7.00781, 1.46875 
0.91031, 0.60938, 7.28906, 0.87500 
0.91063, -0.19531, 3.54688, 1.78125 
0.91094, 0.11719, -1.32031, 1.25781 
0.91125, 0.54688, -6.28125, 0.47656 
0.91156, 0.36719, -8.07812, 0.09375 
0.91187, 0.21875, -6.34375, 0.63281 
0.91219, 0.08594, -2.57031, 0.52344 
0.91250, 0.01562, 3.77344, 1.54688 
0.91281, -0.08594, 6.50781, 0.97656 
0.91312, -0.14844, 8.50781, 1.42969 
0.91344, 0.28906, 5.07031, 1.80469 
0.91375, 0.00000, 0.32812, 1.60156 
0.91406, 0.15625, -5.09375, 0.25000 
0.91438, 0.17188, -7.52344, 0.10938 
0.91469, 0.52344, -7.33594, 0.50000 
0.91500, 0.03125, -3.58594, 0.58594 
0.91531, 0.36719, 2.19531, 1.00781 
0.91563, 0.36719, 2.19531, 1.00781 
0.91594, -0.18750, 5.86719, 1.50000 
0.91625, -0.32031, 6.28906, 2.21094 
0.91656, -0.32031, 6.28906, 2.21094 
0.91687, -0.00781, 1.75000, 1.53125 
0.91719, 0.21875, -3.10938, 0.24219 
0.91750, 0.64844, -6.78906, -0.48438 
0.91781, 0.62500, -7.62500, 0.45312 
0.91812, -0.24219, -4.14844, 1.58594 
0.91844, 0.24219, 0.07031, 0.89062 
0.91875, -0.57031, 5.16406, 1.32812 
0.91906, 0.26562, 7.44531, 0.26562 
0.91938, -0.28906, 7.10156, 2.10938 
0.91969, 0.14844, 3.06250, 1.89844 
0.92000, -0.15625, -1.80469, 1.35938 
0.92031, 0.78125, -6.39062, -0.49219 
0.92063, 0.53125, -8.03125, 0.28125 
0.92094, 0.40625, -5.10938, 0.70312 
0.92125, -0.30469, -1.36719, 1.38281 
0.92156, 0.50000, 4.64062, 1.21094 
0.92188, -0.39844, 6.92188, 1.05469 
0.92219, 0.12500, 7.65625, 1.03125 
0.92250, -0.03906, 4.02344, 2.05469 
0.92281, 0.00000, -0.78906, 1.37500 
0.92312, 0.21094, -5.95312, 0.20312 
0.92344, 1.07812, -7.85938, -0.24219 
0.92375, 0.67188, -6.50000, 0.78906 
0.92406, 0.00000, -2.60156, 1.33594 
0.92438, 0.85938, 3.04688, 0.84375 
0.92469, -1.25000, 6.50781, 1.49219 
0.92500, 1.00000, 8.13281, 0.35156 
0.92531, -0.78906, 5.71875, 2.73438 
0.92563, 0.25781, 1.00000, 1.23438 
0.92594, -0.08594, -4.32031, 0.89062 
0.92625, 1.47656, -7.05469, -0.82031 
0.92656, 0.63281, -7.66406, 0.87500 
0.92688, -0.14844, -3.64844, 1.08594 
0.92719, 0.82031, 1.04688, 0.83594 
0.92750, -1.19531, 5.74219, 1.50000 
0.92781, 0.53906, 8.14844, 0.35938 
0.92812, 0.53906, 8.14844, 0.35938 
0.92844, -0.55469, 6.75000, 2.59375 
0.92875, 0.02344, 2.57031, 1.35938 
0.92906, -0.41406, -2.64844, 1.29688 
0.92938, 1.28906, -6.42969, -0.89062 
0.92969, 0.06250, -7.75000, 0.46094 
0.93000, -1.14844, -4.39062, 0.92188 
0.93031, 1.90625, -0.39062, 1.56250 
0.93063, 0.01562, 4.53125, 1.38281 
0.93094, -0.20312, 7.63281, 0.95312 
0.93125, 1.26562, 7.06250, 1.00000 
0.93156, -0.52344, 3.32031, 2.57031 
0.93188, -0.02344, -1.53125, 1.28906 
0.93219, 0.63281, -6.46875, 0.10156 
0.93250, 0.03125, -7.85938, -0.58594 
0.93281, 0.01562, -6.12500, 0.21875 
0.93312, -1.10938, -2.05469, 1.39062 
0.93344, 0.21875, 3.83594, 0.98438 
0.93375, -0.25000, 6.61719, 1.03906 
0.93406, -0.16406, 8.08594, 1.27344 
0.93438, 0.39844, 4.83594, 2.12500 
0.93469, -0.19531, 0.14844, 1.39062 
0.93500, 0.45312, -5.34375, 0.25000 
0.93531, 0.26562, -7.50781, -0.53125 
0.93563, 0.85938, -7.28906, 0.59375 
0.93594, -0.10156, -3.35938, 1.05469 
0.93625, -0.65625, 2.48438, 1.65625 
0.93656, 0.50000, 6.04688, 1.46875 
0.93688, 0.09375, 8.41406, 0.74219 
0.93719, -0.50781, 6.42969, 1.79688 
0.93750, 1.07031, 1.81250, 0.93750 
0.93781, -0.42188, -3.31250, 1.32812 
0.93812, 0.63281, -6.82031, -0.25000 
0.93844, 0.88281, -7.57812, 0.46875 
0.93875, 0.57812, -4.22656, 0.39844 
0.93906, -1.62500, 0.64844, 1.57031 
0.93938, 0.68750, 5.17188, 0.61719 
0.93969, -0.92188, 7.75781, 1.25000 
0.94000, 0.25000, 7.10156, 1.56250 
0.94031, 0.25000, 7.10156, 1.56250 
0.94063, 0.03125, 2.99219, 2.05469 
0.94094, -0.25000, -1.81250, 0.96094 
0.94125, 0.77344, -6.42188, -0.02344 
0.94156, 0.38281, -7.75000, -0.11719 
0.94188, 0.10156, -4.95312, 0.62500 
0.94219, 0.37500, -1.17188, 0.85938 
0.94250, -0.09375, 4.55469, 1.70312 
0.94281, -0.44531, 6.78125, 1.03906 
0.94312, 0.14844, 7.65625, 1.53906 
0.94344, -0.74219, 3.82812, 2.08594 
0.94375, 0.26562, -0.84375, 0.66406 
0.94406, 0.75000, -5.98438, -0.07812 
0.94437, -0.02344, -7.96875, 0.19531 
0.94469, 0.53125, -6.51562, 0.92969 
0.94500, -0.04688, -2.87500, 0.94531 
0.94531, -0.05469, 3.50000, 1.14844 
0.94563, 0.00781, 6.34375, 0.71094 
0.94594, 0.25781, 8.37500, 1.42188 
0.94625, -0.38281, 5.48438, 2.40625 
0.94656, 0.32031, 0.63281, 1.48438 
0.94688, 0.02344, -4.71875, 0.45312 
0.94719, 0.57812, -7.51562, -0.70312 
0.94750, 0.42188, -7.61719, 0.41406 
0.94781, 0.00000, -3.64844, 1.27344 
0.94812, -0.20312, 1.60156, 1.50781 
0.94844, -0.26562, 5.82031, 0.92969 
0.94875, 0.15625, 8.10156, 0.72656 
0.94906, -0.10938, 6.53906, 2.12500 
0.94937, -0.07031, 2.20312, 1.80469 
0.94969, 0.00000, -2.78125, 1.06250 
0.95000, 0.71875, -6.53906, -0.54688 
0.95031, 0.65625, -7.65625, -0.10156 
0.95063, -0.83594, -4.40625, 1.28906 
0.95094, 0.71094, -0.32031, 0.56250 
0.95125, -0.64844, 4.96094, 1.57031 
0.95156, 0.09375, 7.44531, 0.70312 
0.95188, 0.09375, 7.44531, 0.70312 
0.95219, -0.18750, 7.27344, 2.00781 
0.95250, 0.20312, 3.28906, 1.71875 
0.95281, -0.31250, -1.60938, 1.58594 
0.95312, 1.39844, -6.39844, -0.44531 
0.95344, -0.57031, -7.95312, 0.35156 
0.95375, 0.89844, -5.55469, 0.62500 
0.95406, 0.43750, -2.01562, 0.82812 
0.95437, -0.53906, 4.32031, 1.43750 
0.95469, 0.63281, 6.73438, 0.72656 
0.95500, -0.39844, 7.89062, 1.78125 
0.95531, -0.14062, 4.28125, 2.01562 
0.95563, -0.04688, -0.50781, 1.39062 
0.95594, 0.53906, -5.58594, -0.10156 
0.95625, -0.14062, -7.79688, 0.00000 
0.95656, 1.17969, -7.10938, 0.14062 
0.95688, -0.65625, -3.29688, 0.92188 
0.95719, -1.82812, 2.82812, 1.99219 
0.95750, 0.75000, 6.00781, 0.25000 
0.95781, -0.49219, 8.13281, 0.93750 
0.95813, -0.32031, 5.84375, 2.06250 
0.95844, 0.31250, 1.31250, 1.82031 
0.95875, 0.00000, -3.68750, 0.70312 
0.95906, 0.44531, -6.92969, -0.32031 
0.95937, -0.69531, -7.58594, 0.03125 
0.95969, 1.39062, -3.92188, 0.87500 
0.96000, -0.25781, 0.45312, 1.67969 
0.96031, -0.16406, 5.53906, 1.40625 
0.96063, 0.97656, 7.60156, 0.33594 
0.96094, -0.36719, 6.82812, 2.33594 
0.96125, -0.11719, 2.60156, 1.75000 
0.96156, 0.00000, -2.18750, 1.08594 
0.96188, 0.56250, -6.45312, -0.41406 
0.96219, 0.17969, -8.00000, -0.05469 
0.96250, 0.55469, -4.57812, 0.63281 
0.96281, -1.38281, -1.10156, 1.28125 
0.96313, 0.66406, 4.79688, 1.49219 
0.96344, 0.66406, 4.79688, 1.49219 
0.96375, -0.66406, 6.98438, 1.04688 
0.96406, 0.21875, 7.71094, 0.99219 
0.96437, 0.75781, 3.75000, 1.46875 
0.96469, 0.00000, -1.03125, 1.82031 
0.96500, 0.63281, -6.05469, 0.42188 
0.96531, 0.63281, -7.90625, 0.17188 
0.96563, -0.51562, -6.17188, 0.56250 
0.96594, 0.85156, -2.53906, 0.82812 
0.96625, 0.67188, 3.33594, 1.10938 
0.96656, -0.96094, 6.63281, 1.47656 
0.96688, 1.20312, 8.07812, 0.78125 
0.96719, -0.51562, 5.21094, 2.65625 
0.96750, 0.15625, 0.48438, 1.21875 
0.96781, 0.16406, -5.00000, 0.62500 
0.96813, 0.28906, -7.41406, -0.39062 
0.96844, 0.37500, -7.64844, 0.32812 
0.96875, 0.37500, -3.64844, 0.59375 
0.96906, -0.17188, 1.75000, 1.60156 
0.96937, -0.39844, 5.74219, 1.17188 
0.96969, 0.17188, 8.25000, 0.94531 
0.97000, -1.15625, 6.43750, 2.30469 
0.97031, 0.41406, 2.20312, 0.77344 
0.97063, 0.26562, -2.85156, 0.70312 
0.97094, 0.52344, -6.64844, -0.18750 
0.97125, 0.54688, -7.46875, 0.50000 
0.97156, 0.30469, -4.35156, 0.93750 
0.97188, -0.31250, 0.00000, 1.17969 
0.97219, 0.01562, 5.00000, 0.99219 
0.97250, 0.04688, 7.48438, 0.79688 
0.97281, -0.43750, 7.28125, 1.93750 
0.97313, 0.50000, 2.99219, 1.64062 
0.97344, -0.29688, -1.61719, 1.45312 
0.97375, 0.65625, -6.53906, -0.16406 
0.97406, 0.24219, -7.93750, 0.07031 
0.97437, -0.06250, -5.46875, 0.82812 
0.97469, 0.17969, -1.80469, 0.69531 
0.97500, 0.14844, 4.40625, 1.02344 
0.97531, -0.03125, 6.60938, 1.00000 
0.97563, -0.03125, 6.60938, 1.00000 
0.97594, -0.03125, 7.86719, 1.68750 
0.97625, -0.00781, 4.25000, 2.27344 
0.97656, 0.30469, -0.56250, 1.23438 
0.97688, 0.14844, -5.72656, -0.07031 
0.97719, 0.50781, -7.79688, -0.10938 
0.97750, 0.68750, -6.83594, 0.41406 
0.97781, -0.44531, -3.09375, 1.11719 
0.97813, 0.61719, 3.00000, 1.19531 
0.97844, -0.40625, 6.17969, 1.56250 
0.97875, 0.07031, 8.37500, 0.75000 
0.97906, -0.30469, 5.84375, 2.14844 
0.97937, 0.26562, 1.18750, 1.35938 
0.97969, -0.05469, -3.96875, 0.57812 
0.98000, 1.31250, -7.03906, -0.60156 
0.98031, 0.47656, -7.51562, 0.86719 
0.98062, 0.12500, -3.72656, 1.35938 
0.98094, 0.75000, 0.81250, 0.81250 
0.98125, -1.17969, 5.61719, 1.63281 
0.98156, 0.73438, 7.75000, 0.12500 
0.98188, -0.45312, 6.85938, 2.46094 
0.98219, 0.14844, 2.67188, 1.54688 
0.98250, -0.50000, -2.22656, 1.38281 
0.98281, 1.88281, -6.28906, -0.97656 
0.98313, -0.31250, -7.78125, 0.81250 
0.98344, 0.80469, -4.43750, 0.75000 
0.98375, 0.51562, -1.02344, 1.00781 
0.98406, -0.82031, 4.84375, 1.57812 
0.98438, 0.51562, 7.07812, 0.44531 
0.98469, -0.42188, 7.37500, 1.99219 
0.98500, -0.05469, 3.53906, 1.78906 
0.98531, -0.25000, -1.33594, 1.42969 
0.98562, 1.14062, -6.17188, -0.51562 
0.98594, -0.22656, -8.00781, 0.33594 
0.98625, 1.54688, -6.00000, 0.27344 
0.98656, 0.54688, -2.24219, 1.75000 
0.98688, -0.53906, 3.80469, 1.71875 
0.98719, 0.60156, 6.33594, 0.29688 
0.98750, 0.60156, 6.33594, 0.29688 
0.98781, -0.82031, 8.42188, 1.25000 
0.98813, 0.35938, 4.96875, 1.62500 
0.98844, -0.29688, 0.45312, 1.99219 
0.98875, 0.25000, -5.14844, 0.52344 
0.98906, -0.21875, -7.26562, 0.11719 
0.98938, -0.41406, -7.36719, -0.35938 
0.98969, 0.22656, -3.54688, 0.82812 
0.99000, -0.24219, 2.03125, 1.66406 
0.99031, -0.03125, 5.96094, 1.03125 
0.99062, 0.89844, 8.15625, 0.67969 
0.99094, -0.50000, 6.21094, 2.61719 
0.99125, 0.20312, 1.71875, 1.53125 
0.99156, 0.18750, -3.23438, 0.79688 
0.99188, 0.25000, -6.74219, -0.28906 
0.99219, 0.57031, -7.67969, -0.17188 
0.99250, 0.79688, -4.14844, 0.80469 
0.99281, -0.26562, 0.07031, 1.69531 
0.99313, -0.15625, 5.11719, 1.84375 
0.99344, 0.69531, 7.43750, 0.31250 
0.99375, -0.90625, 7.48438, 2.07812 
0.99406, 0.84375, 3.03125, 0.99219 
0.99438, -0.35938, -1.65625, 1.75781 
0.99469, 0.57812, -6.40625, -0.08594 
0.99500, 0.44531, -7.86719, 0.13281 
0.99531, 1.00000, -5.28906, 0.19531 
0.99562, -1.35938, -1.50000, 1.50000 
0.99594, 0.56250, 4.86719, 0.56250 
0.99625, -0.78906, 7.00000, 1.48438 
0.99656, 0.34375, 7.93750, 1.17969 
0.99688, 0.00000, 4.19531, 2.42969 
0.99719, 0.14844, -0.72656, 1.09375 
0.99750, 0.28906, -5.89062, 0.20312 
0.99781, 0.37500, -7.78906, -0.34375 
0.99813, 0.44531, -6.77344, 0.53906 
0.99844, -0.03906, -2.78906, 0.85156 
0.99875, 0.25781, 3.15625, 1.57031 
0.99906, -0.88281, 6.18750, 1.38281 
0.99938, -0.88281, 6.18750, 1.38281 
0.99969, 0.36719, 8.22656, 1.10156 
